0 0.112298 0.356566 0.114579 0.438881 0.222950 0.439688 0.224091 0.359794
0 0.282839 0.361408 0.279987 0.441302 0.345580 0.441302 0.344439 0.358180
0 0.234358 0.361408 0.232646 0.439688 0.275995 0.441302 0.272572 0.359794
0 0.230365 0.266181 0.232646 0.345268 0.279417 0.346075 0.279987 0.267795
0 0.224091 0.346882 0.197854 0.345268 0.198994 0.271023 0.222950 0.268602
0 0.147661 0.171760 0.148231 0.255689 0.221809 0.259724 0.225802 0.170953
0 0.233787 0.170146 0.232646 0.252461 0.302802 0.258917 0.302232 0.327513 0.345010 0.327513 0.344439 0.168532
0 0.115720 0.171760 0.114579 0.347689 0.190439 0.344461 0.191580 0.266988 0.140816 0.264567 0.139105 0.171760
0 0.340447 0.448565 0.283980 0.449372 0.282269 0.498600 0.236069 0.500214 0.234358 0.532494 0.341017 0.537336
0 0.274854 0.488916 0.233217 0.490530 0.233217 0.480039 0.222950 0.483267 0.222950 0.531687 0.112868 0.533301 0.109446 0.449372 0.274284 0.451793
0 0.648730 0.370830 0.646614 0.378529 0.646917 0.391360 0.645707 0.405475 0.645405 0.438409 0.646010 0.482464 0.647521 0.497861 0.646917 0.510693 0.648730 0.523524 0.647521 0.529940 0.648730 0.535073 0.653869 0.537211 0.675030 0.536356 0.675937 0.535500 0.675030 0.525663 0.671403 0.523952 0.668682 0.519675 0.670496 0.512404 0.669589 0.505133 0.673821 0.500428 0.673821 0.498717 0.671100 0.497006 0.669891 0.494440 0.675030 0.492301 0.677449 0.486313 0.678053 0.482464 0.679262 0.480325 0.680169 0.480325 0.681378 0.482464 0.683192 0.493157 0.682588 0.509410 0.683495 0.517536 0.682588 0.534217 0.683192 0.537211 0.684401 0.538067 0.692563 0.537211 0.696796 0.538494 0.707981 0.537639 0.724909 0.538494 0.730048 0.536784 0.730955 0.533790 0.728839 0.518392 0.730048 0.513687 0.730048 0.509838 0.729142 0.505988 0.729444 0.500855 0.727630 0.494440 0.730048 0.489735 0.728839 0.470488 0.730653 0.465783 0.730955 0.452951 0.730048 0.447391 0.731862 0.438837 0.731560 0.421728 0.727630 0.414885 0.717654 0.413174 0.711911 0.405475 0.712817 0.400770 0.715538 0.396920 0.717956 0.389222 0.718863 0.373396 0.717654 0.371685 0.710399 0.367408 0.705260 0.365697 0.684704 0.366980 0.675030 0.366125 0.672007 0.364414 0.667775 0.366125 0.662636 0.365269 0.659311 0.369119 0.655381 0.366980
0 0.647219 0.292558 0.646917 0.299829 0.646614 0.300257 0.646614 0.306245 0.646312 0.306672 0.646312 0.319076 0.646010 0.320359 0.646312 0.320787 0.646312 0.329769 0.646614 0.330197 0.646614 0.347305 0.648126 0.349444 0.650544 0.350727 0.653265 0.350727 0.653567 0.350299 0.659613 0.350299 0.659915 0.350727 0.691354 0.350299 0.691657 0.350727 0.714027 0.351155 0.716143 0.350299 0.718863 0.350299 0.719166 0.350727 0.729142 0.350299 0.732467 0.349016 0.733978 0.346878 0.734281 0.327203 0.733676 0.323781 0.733374 0.311805 0.733676 0.311377 0.733676 0.306245 0.733978 0.305817 0.734583 0.295124 0.733978 0.291275 0.732769 0.289564 0.730955 0.289136 0.720073 0.289564 0.717050 0.290847 0.712213 0.290847 0.709492 0.289136 0.707376 0.289136 0.705260 0.289991 0.673519 0.289991 0.673216 0.290419 0.670496 0.290419 0.668077 0.289564 0.660218 0.289564 0.659915 0.289991 0.655683 0.289991 0.655381 0.290419 0.650242 0.289136 0.648126 0.290419
0 0.645707 0.172797 0.645103 0.204876 0.646010 0.218135 0.644800 0.223268 0.645405 0.243370 0.644498 0.246792 0.645103 0.267750 0.644196 0.284003 0.647823 0.293413 0.647219 0.325064 0.648428 0.341317 0.650242 0.346022 0.653567 0.345595 0.655381 0.340890 0.659311 0.343028 0.660520 0.346450 0.663241 0.348589 0.666264 0.346878 0.672612 0.348589 0.676844 0.345595 0.678960 0.332763 0.678053 0.324636 0.680472 0.319504 0.679867 0.314799 0.674123 0.314371 0.666868 0.310094 0.662938 0.310950 0.659915 0.307956 0.661427 0.305389 0.666868 0.306672 0.673821 0.303251 0.674426 0.299829 0.669891 0.295979 0.669287 0.293841 0.675030 0.289136 0.680472 0.289991 0.691959 0.287853 0.695889 0.290419 0.699516 0.289136 0.704353 0.290419 0.715538 0.288281 0.734281 0.287425 0.736397 0.289564 0.736397 0.298546 0.740629 0.308811 0.738815 0.331908 0.740629 0.342173 0.743349 0.347733 0.760883 0.350299 0.795345 0.349872 0.804111 0.348161 0.805925 0.324636 0.805925 0.295124 0.805018 0.286142 0.805623 0.248503 0.804111 0.191189 0.805018 0.177502 0.803204 0.171942 0.787787 0.169803 0.733071 0.169376 0.728839 0.171514 0.724002 0.168948 0.650846 0.168948
0 0.734004 0.364636 0.735145 0.536529 0.805871 0.538950 0.803589 0.359794