0 0.198964 0.174988 0.202388 0.231479 0.299410 0.233093 0.306258 0.174988
0 0.306258 0.340426 0.203529 0.339619 0.204671 0.245198 0.303976 0.244391
0 0.426109 0.366250 0.325663 0.364636 0.319956 0.278286 0.428392 0.280707
0 0.548243 0.339619 0.439806 0.339619 0.440948 0.278286 0.550526 0.280707
0 0.553950 0.269409 0.496878 0.271023 0.493454 0.225830 0.553950 0.221795
0 0.487747 0.272637 0.430675 0.271830 0.435241 0.221795 0.480898 0.220181
0 0.426109 0.271023 0.322239 0.270216 0.319956 0.242777 0.424968 0.243584
0 0.428392 0.235514 0.362189 0.233093 0.358764 0.212111 0.423826 0.212918
0 0.346209 0.236321 0.316531 0.235514 0.315390 0.173374 0.424968 0.176602 0.431816 0.207269 0.337077 0.203234
0 0.379915 0.511976 0.378100 0.514115 0.378100 0.515398 0.377495 0.515826 0.377495 0.565868 0.376891 0.566296 0.376891 0.574423 0.376286 0.574850 0.376891 0.594098 0.378705 0.596236 0.384150 0.599230 0.395039 0.599230 0.405929 0.602224 0.409558 0.602224 0.416213 0.600086 0.424077 0.599230 0.431942 0.597519 0.442831 0.597519 0.445856 0.596664 0.454930 0.595808 0.459770 0.594525 0.462795 0.592387 0.464610 0.589820 0.467030 0.583405 0.466425 0.573139 0.465820 0.572712 0.465820 0.562447 0.466425 0.562019 0.466425 0.559025 0.467030 0.558597 0.467030 0.555175 0.466425 0.554748 0.466425 0.543199 0.465820 0.542772 0.465820 0.541061 0.466425 0.540633 0.466425 0.537211 0.467030 0.536784 0.467635 0.515826 0.467030 0.515398 0.467030 0.511121 0.465215 0.508554 0.459165 0.508554 0.458560 0.508982 0.436782 0.508982 0.436177 0.508554 0.433757 0.508554 0.433152 0.508982 0.428917 0.508982 0.428312 0.509410 0.424077 0.509410 0.423472 0.509838 0.416213 0.509838 0.407139 0.507699 0.395644 0.510265 0.384150 0.510693
0 0.474894 0.647990 0.474894 0.650128 0.474289 0.650984 0.474894 0.651411 0.474894 0.652695 0.477314 0.655689 0.477314 0.659110 0.473684 0.662960 0.473079 0.665954 0.471869 0.668092 0.471869 0.670231 0.473079 0.671086 0.476104 0.671514 0.479129 0.672797 0.480339 0.674508 0.480339 0.677930 0.477314 0.682635 0.476104 0.687767 0.473079 0.690334 0.471264 0.693328 0.471869 0.695894 0.474289 0.698888 0.474289 0.701454 0.472474 0.705731 0.471869 0.710864 0.471264 0.711292 0.471264 0.713430 0.470054 0.715997 0.470054 0.719418 0.470659 0.719846 0.470659 0.721985 0.471264 0.722840 0.473684 0.724551 0.475499 0.724979 0.479734 0.727973 0.479734 0.730539 0.475499 0.734388 0.479129 0.735672 0.485783 0.736099 0.486388 0.736527 0.500302 0.736527 0.501512 0.736099 0.503327 0.734388 0.502722 0.732678 0.500907 0.730539 0.500302 0.728400 0.505142 0.724551 0.506957 0.723696 0.509377 0.723696 0.513007 0.724979 0.520266 0.728828 0.520266 0.730967 0.518451 0.733961 0.523291 0.736099 0.523291 0.734816 0.523896 0.734388 0.523896 0.732678 0.523291 0.732250 0.523291 0.727545 0.523896 0.727117 0.523896 0.702310 0.523291 0.701882 0.523291 0.692044 0.521476 0.690334 0.521476 0.689478 0.520266 0.688195 0.520266 0.685201 0.520871 0.684773 0.520871 0.682207 0.523291 0.678785 0.523896 0.654833 0.524501 0.654405 0.525106 0.649701 0.526921 0.647990 0.526316 0.647562 0.513612 0.647562 0.513007 0.647134 0.509982 0.647134 0.509377 0.646707 0.501512 0.647134 0.500907 0.647562 0.492438 0.647562 0.491833 0.647134 0.485178 0.647134 0.483364 0.646707 0.480339 0.647562
0 0.214156 0.692472 0.212341 0.695038 0.211131 0.699743 0.210526 0.716852 0.206897 0.722412 0.208711 0.727973 0.208106 0.749358 0.206897 0.753208 0.206897 0.759624 0.209316 0.764328 0.212341 0.774594 0.215971 0.777160 0.225045 0.778871 0.239564 0.779299 0.260738 0.778871 0.266788 0.780154 0.278887 0.779726 0.291591 0.781009 0.306110 0.780154 0.327284 0.781009 0.336358 0.779299 0.341198 0.775877 0.343618 0.775021 0.354507 0.776304 0.361162 0.776304 0.366606 0.774594 0.374471 0.775021 0.376286 0.773738 0.378100 0.770744 0.378100 0.753208 0.375076 0.727117 0.375076 0.721129 0.376286 0.718563 0.376286 0.714713 0.373866 0.704448 0.370236 0.701026 0.368421 0.700171 0.366001 0.700171 0.360557 0.702737 0.356322 0.702310 0.352087 0.699316 0.351482 0.694611 0.350272 0.693328 0.344223 0.691189 0.334543 0.691189 0.324864 0.692044 0.317604 0.690761 0.308530 0.692900 0.300060 0.692900 0.295826 0.691617 0.279492 0.691617 0.264368 0.690761 0.248639 0.690761 0.245009 0.691617 0.240774 0.691617 0.230490 0.690334 0.219601 0.690334
0 0.369037 0.680177 0.212661 0.680177 0.214944 0.509898 0.364472 0.513126
0 0.423826 0.865790 0.383876 0.865790 0.349633 0.836738 0.345067 0.787510 0.472908 0.788317 0.470625 0.741510 0.502585 0.743931 0.503727 0.814948 0.422685 0.818176
0 0.461494 0.680177 0.418119 0.681791 0.416978 0.622880 0.385018 0.623687 0.382735 0.601897 0.461494 0.601090
0 0.455787 0.781861 0.395290 0.778633 0.387300 0.689861 0.459211 0.691476