0 0.237001 0.472626 0.234281 0.475192 0.232164 0.482036 0.232164 0.485885 0.232467 0.486313 0.232164 0.494867 0.233071 0.502566 0.233071 0.511121 0.232467 0.516681 0.232769 0.550470 0.232467 0.550898 0.232164 0.577417 0.231862 0.577844 0.232164 0.584688 0.233978 0.589393 0.234885 0.590676 0.237304 0.591959 0.240024 0.591103 0.248186 0.591103 0.248489 0.590676 0.275393 0.591103 0.277207 0.589820 0.278416 0.588109 0.281137 0.579983 0.282950 0.576133 0.281439 0.571429 0.281439 0.567579 0.281137 0.567151 0.281137 0.563730 0.281439 0.563302 0.281439 0.554748 0.280834 0.548332 0.280834 0.532506 0.281439 0.525235 0.281439 0.521814 0.280834 0.517964 0.281137 0.513259 0.279323 0.509410 0.279021 0.505133 0.280834 0.499572 0.280834 0.493157 0.284462 0.484174 0.283857 0.482891 0.280532 0.480753 0.279021 0.478186 0.278114 0.474765 0.275695 0.473054 0.273277 0.473054 0.269649 0.474337 0.266626 0.474337 0.262394 0.473482
0 0.146010 0.172797 0.145103 0.181352 0.145103 0.194611 0.144196 0.202737 0.144498 0.213858 0.143894 0.218135 0.143894 0.272027 0.144498 0.275877 0.145707 0.278443 0.147823 0.278871 0.159008 0.277588 0.228839 0.278015 0.230351 0.276732 0.231560 0.273311 0.230955 0.247648 0.232467 0.235244 0.231862 0.211719 0.230351 0.199743 0.228235 0.195466 0.225514 0.195466 0.216143 0.191189 0.213422 0.192044 0.208283 0.191617 0.205562 0.189478 0.206167 0.183918 0.206771 0.182207 0.208585 0.180496 0.213724 0.180924 0.216143 0.183062 0.217352 0.183062 0.220073 0.180924 0.222189 0.184346 0.227932 0.188623 0.229444 0.188195 0.230955 0.184346 0.230653 0.172797 0.229444 0.170659 0.225212 0.170231 0.220979 0.171514 0.217654 0.170659 0.208888 0.170659 0.203748 0.172797 0.201632 0.171942 0.194377 0.172797 0.188634 0.171086 0.173519 0.171086 0.150544 0.169376 0.147521 0.170659
0 0.286276 0.172370 0.285973 0.174080 0.286276 0.174508 0.286276 0.191617 0.285973 0.192044 0.285973 0.195894 0.287485 0.201454 0.287183 0.205304 0.286880 0.205731 0.286880 0.209153 0.286578 0.209581 0.286578 0.224979 0.286880 0.225406 0.286880 0.229683 0.286578 0.230111 0.286578 0.236527 0.286276 0.236955 0.286276 0.242943 0.286578 0.243370 0.286578 0.248075 0.286880 0.248503 0.286880 0.252352 0.286578 0.252780 0.286880 0.253636 0.286880 0.261762 0.286578 0.262190 0.286578 0.267750 0.286880 0.269033 0.288089 0.270317 0.294740 0.270744 0.297158 0.271600 0.305018 0.271600 0.305320 0.271172 0.312878 0.271600 0.316203 0.270317 0.320738 0.270317 0.322551 0.271172 0.325272 0.271172 0.326481 0.270317 0.327993 0.266895 0.327993 0.263473 0.327388 0.261334 0.327388 0.249786 0.327086 0.249358 0.327086 0.245937 0.327388 0.245509 0.327388 0.239949 0.327086 0.239521 0.327086 0.235244 0.327388 0.234816 0.327388 0.205731 0.327086 0.205304 0.327086 0.174080 0.326481 0.171086 0.324970 0.169803 0.323156 0.169803 0.321040 0.171086 0.318017 0.171086 0.317715 0.170659 0.315599 0.170659 0.313482 0.169803 0.305925 0.169803 0.303809 0.170659 0.298065 0.170659 0.297763 0.170231 0.295949 0.170231 0.293531 0.169376 0.290508 0.169376
0 0.146917 0.287853 0.146010 0.302823 0.146917 0.305817 0.147219 0.321215 0.144498 0.330197 0.143894 0.357998 0.144800 0.408041 0.143894 0.414885 0.144800 0.425150 0.144196 0.443541 0.144800 0.445680 0.144498 0.454234 0.145707 0.458939 0.146917 0.459795 0.160822 0.460222 0.171705 0.459367 0.175937 0.460222 0.198307 0.459795 0.208585 0.460650 0.229444 0.460222 0.231560 0.459367 0.232467 0.458084 0.232164 0.431993 0.232164 0.423867 0.233071 0.418734 0.232769 0.400770 0.233978 0.399059 0.237606 0.397348 0.242140 0.397776 0.245466 0.395637 0.251209 0.394782 0.251814 0.392216 0.248791 0.389222 0.247884 0.384089 0.248186 0.378956 0.250000 0.376390 0.253325 0.378101 0.256348 0.376818 0.257557 0.365269 0.253628 0.359281 0.250605 0.357143 0.248489 0.358426 0.245466 0.365269 0.241536 0.360565 0.241838 0.355432 0.243954 0.352010 0.245466 0.351155 0.249395 0.351583 0.250907 0.349444 0.250907 0.343028 0.249395 0.338751 0.246675 0.340462 0.243047 0.339606 0.235792 0.340462 0.233676 0.340034 0.231862 0.337468 0.230955 0.287425 0.229444 0.285287 0.175030 0.284859 0.171705 0.285714 0.150544 0.285714
0 0.325047 0.331549 0.234928 0.328320 0.238921 0.175795 0.281698 0.170953 0.283410 0.277479 0.325047 0.279093
0 0.397484 0.331549 0.332462 0.328320 0.333602 0.171760 0.396914 0.173374
0 0.381514 0.581722 0.286832 0.575266 0.289113 0.449372 0.240061 0.451793 0.249758 0.338812 0.394062 0.340426 0.395773 0.457442 0.382084 0.459056
0 0.602781 0.240804 0.602177 0.262618 0.602177 0.303678 0.601572 0.307528 0.602177 0.310950 0.601874 0.324636 0.602781 0.328914 0.604293 0.331052 0.607013 0.331908 0.672310 0.331480 0.675030 0.332335 0.678053 0.331480 0.688029 0.331908 0.690145 0.330624 0.690750 0.328058 0.691052 0.283148 0.690750 0.266039 0.690145 0.260479 0.690145 0.242515 0.689238 0.239949 0.687424 0.238666 0.682588 0.239093 0.676542 0.238238 0.604897 0.238238 0.603688 0.239093
0 0.695586 0.171086 0.694680 0.180496 0.694982 0.193755 0.695889 0.199743 0.694982 0.205304 0.695284 0.213430 0.694680 0.218135 0.695586 0.232678 0.698609 0.236099 0.709190 0.240804 0.713724 0.247648 0.719166 0.258768 0.720073 0.265184 0.726723 0.264756 0.733676 0.265612 0.735792 0.263473 0.736094 0.257913 0.734281 0.248503 0.734885 0.245081 0.734885 0.230539 0.736094 0.225406 0.736094 0.219418 0.734583 0.216424 0.734281 0.213003 0.737001 0.206587 0.740326 0.213430 0.737908 0.219418 0.738513 0.232678 0.737908 0.261762 0.739117 0.266039 0.744861 0.269033 0.761185 0.269033 0.765417 0.267323 0.775695 0.268606 0.779927 0.267750 0.782950 0.265612 0.784160 0.255774 0.783857 0.186912 0.782648 0.176647 0.780532 0.171514 0.778416 0.170659 0.774184 0.173225 0.771161 0.171942 0.765719 0.172370 0.763301 0.171086 0.759976 0.171086 0.754232 0.169376 0.749395 0.171514 0.737908 0.171086 0.736397 0.171942 0.734281 0.175364 0.731862 0.175364 0.729746 0.171942 0.724002 0.172370 0.723398 0.173225 0.724607 0.174936 0.730048 0.177074 0.730048 0.178785 0.724607 0.186056 0.721584 0.185201 0.719468 0.183062 0.718561 0.179641 0.718863 0.172797 0.704655 0.170231 0.701028 0.168092
0 0.853212 0.459056 0.789330 0.458249 0.789900 0.384004 0.816708 0.380776 0.818419 0.341233 0.853212 0.338005
0 0.851501 0.331549 0.790471 0.329934 0.792182 0.209690 0.854923 0.212918
0 0.782346 0.381523 0.779021 0.379812 0.768742 0.379384 0.768440 0.379812 0.760883 0.379812 0.759371 0.380667 0.750302 0.381095 0.750000 0.381523 0.747279 0.381950 0.746977 0.382378 0.746372 0.382378 0.745768 0.383234 0.745163 0.385372 0.744861 0.392643 0.744559 0.393071 0.744559 0.403336 0.744861 0.403764 0.744861 0.406330 0.745163 0.406758 0.745163 0.413174 0.744861 0.413601 0.744861 0.420017 0.744559 0.420445 0.744559 0.426433 0.744861 0.426861 0.744861 0.434132 0.744559 0.434559 0.744559 0.437981 0.744861 0.438409 0.744861 0.441831 0.744559 0.442258 0.744559 0.457656 0.744861 0.458084 0.744861 0.458939 0.746070 0.460222 0.747279 0.460222 0.747582 0.460650 0.760580 0.460650 0.760883 0.461078 0.768138 0.461078 0.768440 0.460650 0.778718 0.460650 0.779021 0.460222 0.782648 0.460222 0.783857 0.458939 0.784160 0.456801 0.784462 0.456373 0.784462 0.448674 0.784160 0.448246 0.784160 0.433276 0.784462 0.432849 0.784462 0.426861 0.784160 0.426433 0.784160 0.408469 0.784462 0.408041 0.784462 0.403764 0.784160 0.403336 0.784160 0.398631 0.784462 0.398204 0.784462 0.391360 0.784160 0.390932 0.784160 0.384944 0.783555 0.382806
0 0.738567 0.459056 0.603959 0.459056 0.603959 0.344461 0.809293 0.341233 0.811575 0.371092 0.735715 0.371899
0 0.783555 0.275449 0.781741 0.273311 0.779021 0.272883 0.778718 0.272455 0.763906 0.272883 0.763603 0.272455 0.762394 0.272455 0.760580 0.270744 0.758767 0.269889 0.744861 0.270317 0.744559 0.270744 0.743349 0.270744 0.738210 0.273738 0.735792 0.273738 0.735490 0.273311 0.724909 0.273311 0.722793 0.274594 0.721282 0.277160 0.721282 0.278871 0.722189 0.282293 0.722189 0.310094 0.721886 0.310522 0.722189 0.320359 0.721886 0.320787 0.721886 0.326347 0.721282 0.328486 0.721282 0.330624 0.723096 0.332763 0.725212 0.333618 0.727630 0.333618 0.727932 0.334046 0.730048 0.334046 0.730351 0.333618 0.732164 0.333618 0.732467 0.333191 0.735490 0.333191 0.735792 0.333618 0.748791 0.333618 0.749093 0.333191 0.750605 0.333191 0.750907 0.333618 0.763301 0.333618 0.763603 0.333191 0.767231 0.333191 0.769347 0.334046 0.779323 0.334046 0.783555 0.331908 0.784160 0.331052 0.784764 0.328914 0.784462 0.299401 0.784160 0.298973 0.784160 0.290419 0.783857 0.289991 0.783857 0.286997 0.783555 0.286570 0.783555 0.284003 0.783253 0.283576 0.783555 0.283148 0.783555 0.280582 0.783857 0.280154 0.783857 0.276305