0 0.475355 1.000000 0.472634 1.000000 0.472331 1.000000 0.469912 1.000000 0.468703 1.000000 0.467191 1.000000 0.466888 1.000000 0.465376 1.000000 0.464167 1.000000 0.463865 1.000000 0.462353 1.000000 0.462050 1.000000 0.460538 1.000000 0.460236 1.000000 0.459026 1.000000 0.458422 1.000000 0.457514 1.000000 0.454793 1.000000 0.454793 1.000000 0.453281 1.000000 0.453281 1.000000 0.451467 1.000000 0.451164 1.000000 0.450559 1.000000 0.449350 1.000000 0.449350 1.000000 0.449047 1.000000 0.449047 1.000000 0.448745 1.000000 0.448745 1.000000 0.449047 1.000000 0.449047 1.000000 0.449350 1.000000 0.449350 1.000000 0.449652 1.000000 0.449652 1.000000 0.449955 1.000000 0.449955 1.000000 0.450257 1.000000 0.450257 1.000000 0.450559 1.000000 0.450559 1.000000 0.450862 1.000000 0.454490 1.000000 0.455398 1.000000 0.456002 1.000000 0.459933 1.000000 0.462655 1.000000 0.463562 1.000000 0.464469 1.000000 0.465679 1.000000 0.465981 1.000000 0.466586 1.000000 0.466888 1.000000 0.471727 1.000000 0.472029 1.000000 0.472936 1.000000 0.473239 1.000000 0.474146 1.000000 0.475053 1.000000 0.475355 1.000000 0.476262 1.000000 0.476565 1.000000 0.478077 1.000000 0.478682 1.000000 0.479286 1.000000 0.482915 1.000000 0.482915 1.000000 0.484125 1.000000 0.484427 1.000000 0.485637 1.000000 0.485939 1.000000 0.487753 1.000000 0.488963 1.000000 0.489870 1.000000 0.489870 1.000000 0.491080 1.000000 0.491382 1.000000 0.492591 1.000000 0.492591 1.000000 0.493196 1.000000 0.494406 1.000000 0.496220 1.000000 0.497430 1.000000 0.497430 1.000000 0.497127 1.000000 0.497127 1.000000 0.495918 1.000000 0.495313 1.000000 0.494103 1.000000 0.491684 1.000000 0.490777 1.000000 0.489265 1.000000 0.488660 1.000000 0.487148 1.000000 0.484125 1.000000 0.481705 1.000000 0.480798 1.000000 0.479589 1.000000 0.477472 1.000000
0 0.531600 1.000000 0.530390 1.000000 0.527971 1.000000 0.525249 1.000000 0.523435 1.000000 0.517085 1.000000 0.515271 1.000000 0.514363 1.000000 0.511944 1.000000 0.507409 1.000000 0.505897 1.000000 0.502268 1.000000 0.500151 1.000000 0.498337 1.000000 0.495615 1.000000 0.492289 1.000000 0.490172 1.000000 0.487148 1.000000 0.482613 1.000000 0.481705 1.000000 0.481705 1.000000 0.482008 1.000000 0.484427 1.000000 0.488056 1.000000 0.491684 1.000000 0.494406 1.000000 0.497430 1.000000 0.501966 1.000000 0.505594 1.000000 0.510735 1.000000 0.515573 1.000000 0.521923 1.000000 0.530995 1.000000 0.539159 1.000000 0.541276 1.000000 0.547929 1.000000 0.550650 1.000000 0.552162 1.000000 0.552767 1.000000 0.554884 1.000000 0.561839 1.000000 0.563350 1.000000 0.568491 1.000000 0.570608 1.000000 0.571817 1.000000 0.573027 1.000000 0.573027 1.000000 0.571817 1.000000 0.566677 1.000000 0.570003 1.000000 0.574841 1.000000 0.581191 1.000000 0.583308 1.000000 0.586332 1.000000 0.587844 1.000000 0.587844 1.000000 0.586332 1.000000 0.584518 1.000000 0.577260 1.000000 0.573027 1.000000 0.558815 1.000000 0.556093 1.000000 0.555186 1.000000 0.551557 1.000000 0.548836 1.000000 0.541578 1.000000 0.537647 1.000000 0.535833 1.000000 0.533716 1.000000
0 0.421228 1.000000 0.410039 1.000000 0.411854 1.000000 0.407620 1.000000 0.403992 1.000000 0.400060 1.000000 0.398851 1.000000 0.377986 1.000000 0.373753 1.000000 0.375265 1.000000 0.377381 1.000000 0.382522 1.000000 0.384034 1.000000 0.380405 1.000000 0.379800 1.000000 0.392803 1.000000 0.398549 1.000000 0.407015 1.000000 0.410644 1.000000 0.411854 1.000000 0.411854 1.000000 0.424252 1.000000 0.427275 1.000000 0.427578 1.000000 0.430299 1.000000 0.434533 1.000000 0.443000 1.000000 0.446931 1.000000 0.445721 1.000000 0.448443 1.000000 0.458724 1.000000 0.468098 1.000000 0.475355 1.000000 0.485032 1.000000 0.484427 1.000000 0.481403 1.000000 0.481101 1.000000 0.490172 1.000000 0.499546 1.000000 0.506804 1.000000 0.512852 1.000000 0.523737 1.000000 0.548533 1.000000 0.558210 1.000000 0.565467 1.000000 0.568491 1.000000 0.565770 1.000000 0.555791 1.000000 0.557605 1.000000 0.562443 1.000000 0.570910 1.000000 0.576353 1.000000 0.588751 1.000000 0.591170 1.000000 0.593287 1.000000 0.599637 1.000000 0.606290 1.000000 0.609616 1.000000 0.608104 1.000000 0.601149 1.000000 0.596916 1.000000 0.589961 1.000000 0.581494 1.000000 0.573329 1.000000 0.553976 1.000000 0.539764 1.000000 0.520714 1.000000 0.514968 1.000000 0.509828 1.000000 0.499849 1.000000 0.497732 1.000000 0.495918 1.000000 0.485939 1.000000 0.470517 1.000000 0.471122 1.000000 0.467191 1.000000 0.456910 1.000000 0.449047 1.000000 0.440581 1.000000 0.433928 1.000000 0.426066 1.000000
0 0.411702 1.000000 0.384487 1.000000 0.319474 1.000000 0.342657 1.000000
0 0.432870 1.000000 0.395071 1.000000 0.416742 1.000000 0.453533 1.000000
0 0.802238 0.289991 0.798004 0.287425 0.774116 0.288281 0.747505 0.285714 0.724524 0.285714 0.719081 0.287853 0.713638 0.285714 0.699123 0.286570 0.694890 0.290847 0.694587 0.320359 0.693680 0.325920 0.691866 0.327630 0.684306 0.325920 0.680677 0.322070 0.675234 0.324636 0.668279 0.323781 0.663744 0.328486 0.655579 0.322498 0.636529 0.325064 0.621107 0.323353 0.618385 0.326347 0.614454 0.324209 0.577260 0.324209 0.575748 0.336185 0.575446 0.411463 0.578772 0.424294 0.577865 0.494440 0.579075 0.542772 0.581191 0.544910 0.597218 0.546193 0.637436 0.545338 0.651043 0.548332 0.661325 0.544910 0.671303 0.546621 0.709404 0.546621 0.716662 0.544482 0.724826 0.546621 0.730874 0.544910 0.742667 0.545766 0.749622 0.541916 0.743574 0.535073 0.742667 0.519675 0.741155 0.516681 0.725733 0.514542 0.695494 0.514970 0.691866 0.511976 0.691866 0.435843 0.692773 0.434132 0.700030 0.434559 0.705171 0.437981 0.711823 0.435415 0.720593 0.437126 0.729967 0.435415 0.753251 0.437981 0.781070 0.437553 0.787421 0.439692 0.791956 0.438837 0.796492 0.442258 0.800423 0.441403 0.803145 0.434987 0.804052 0.420017 0.803447 0.294269
0 0.747203 0.440547 0.747203 0.442258 0.746900 0.442686 0.746900 0.443969 0.747203 0.444397 0.747203 0.471343 0.747505 0.471771 0.747505 0.473054 0.747808 0.473909 0.749320 0.475620 0.749924 0.475620 0.750227 0.476048 0.753251 0.476048 0.753553 0.475620 0.757182 0.475620 0.757484 0.475192 0.758996 0.475192 0.759298 0.475620 0.760810 0.475620 0.761113 0.476048 0.793166 0.476048 0.793468 0.476476 0.800423 0.476476 0.800726 0.476048 0.801331 0.476048 0.802842 0.473482 0.802842 0.470915 0.803145 0.470488 0.803145 0.442686 0.802842 0.442258 0.802842 0.440975 0.802540 0.440120 0.801028 0.438837 0.800423 0.438837 0.800121 0.438409 0.794376 0.438409 0.794073 0.438837 0.790445 0.438837 0.790142 0.438409 0.785909 0.438409 0.785606 0.438837 0.771999 0.438837 0.771696 0.438409 0.769277 0.438409 0.768975 0.438837 0.765044 0.438837 0.764741 0.438409 0.761718 0.438409 0.761415 0.438837 0.758996 0.438837 0.758694 0.439264 0.758089 0.439264 0.757787 0.438837 0.755065 0.438837 0.754763 0.438409 0.751134 0.438409 0.750529 0.437981 0.750227 0.438409 0.749017 0.438409 0.747808 0.439264
0 0.777139 0.479042 0.775325 0.479897 0.773813 0.482464 0.773813 0.488879 0.774720 0.493157 0.773813 0.500428 0.774720 0.505988 0.774418 0.524808 0.775023 0.529940 0.774418 0.535928 0.775023 0.541061 0.775023 0.547904 0.774720 0.550043 0.772604 0.554320 0.771394 0.558597 0.771394 0.655261 0.772301 0.657827 0.775325 0.659110 0.790445 0.659966 0.794376 0.659110 0.800726 0.659538 0.802540 0.658683 0.803447 0.657399 0.804052 0.654405 0.803145 0.636441 0.804052 0.629170 0.803447 0.621471 0.803447 0.483747 0.802540 0.480325 0.800423 0.478614 0.790142 0.479470 0.780163 0.478614
0 0.576958 0.555603 0.576353 0.558597 0.576051 0.655261 0.576353 0.658255 0.577865 0.660393 0.591473 0.662104 0.597218 0.660393 0.604778 0.661677 0.617478 0.660393 0.622921 0.662104 0.626852 0.660393 0.629271 0.662104 0.646810 0.662532 0.650741 0.660393 0.657091 0.659966 0.667675 0.660393 0.670699 0.661677 0.678863 0.661249 0.683399 0.659538 0.697309 0.660821 0.703054 0.657827 0.716057 0.656972 0.721197 0.659538 0.732688 0.657827 0.737526 0.660821 0.750227 0.660821 0.755065 0.656972 0.767463 0.657399 0.768975 0.654833 0.769277 0.633447 0.768068 0.615911 0.769580 0.558597 0.767161 0.554320 0.760206 0.553464 0.750832 0.554748 0.737224 0.553892 0.734200 0.555175 0.725431 0.553892 0.716662 0.555175 0.706078 0.553892 0.701542 0.555175 0.657393 0.554748 0.652555 0.553037 0.618385 0.552181 0.613245 0.553037 0.611128 0.552181 0.588146 0.552181 0.582703 0.550898 0.579377 0.552181
0 0.763229 0.217707 0.761113 0.213858 0.749622 0.205304 0.737829 0.198460 0.698821 0.171086 0.691866 0.168092 0.574841 0.169376 0.572725 0.172797 0.573329 0.276732 0.574236 0.280582 0.576353 0.283576 0.576353 0.301967 0.577563 0.306672 0.578167 0.316938 0.580284 0.319504 0.584215 0.320787 0.589356 0.319932 0.600544 0.321642 0.625945 0.320359 0.630178 0.318221 0.642879 0.319504 0.648019 0.317793 0.653462 0.319932 0.658905 0.319932 0.662836 0.318221 0.668279 0.319076 0.675839 0.317793 0.677049 0.313088 0.675537 0.309666 0.671303 0.310950 0.669187 0.315654 0.664953 0.315654 0.664046 0.311805 0.665256 0.307528 0.671908 0.299829 0.675234 0.303251 0.680375 0.299829 0.684306 0.301540 0.684911 0.299829 0.683701 0.298973 0.678863 0.299401 0.677653 0.295552 0.679165 0.294269 0.687330 0.293841 0.688539 0.289564 0.688237 0.283576 0.690354 0.281437 0.695797 0.281437 0.700635 0.278871 0.703961 0.282293 0.709404 0.282293 0.711823 0.283576 0.716359 0.281437 0.736619 0.283148 0.761113 0.282293 0.762927 0.278443
0 0.166616 0.557742 0.167826 0.586399 0.166919 0.606074 0.168128 0.613345 0.167523 0.644140 0.165709 0.654833 0.167826 0.664671 0.169943 0.667665 0.176897 0.668948 0.211975 0.667665 0.216510 0.670659 0.221349 0.669803 0.224675 0.671942 0.241306 0.671514 0.245237 0.669376 0.246145 0.663387 0.247959 0.667237 0.251588 0.666382 0.254611 0.659538 0.252797 0.652695 0.252797 0.647562 0.254309 0.644996 0.266707 0.645851 0.269731 0.648417 0.275779 0.648845 0.282734 0.644140 0.289084 0.652267 0.286967 0.665954 0.284246 0.665098 0.283338 0.659538 0.282129 0.659538 0.281524 0.665526 0.279407 0.668092 0.276383 0.668092 0.275174 0.664243 0.277291 0.659538 0.276988 0.656544 0.275174 0.654405 0.268824 0.654833 0.260357 0.659538 0.258542 0.669803 0.260962 0.673225 0.269428 0.673653 0.275476 0.670231 0.283036 0.677074 0.285455 0.677074 0.290293 0.673225 0.296039 0.673225 0.298760 0.671514 0.304203 0.673225 0.306320 0.671086 0.306925 0.658683 0.305715 0.656116 0.292410 0.652267 0.299970 0.644996 0.311461 0.646279 0.312670 0.649701 0.313577 0.664671 0.316601 0.666382 0.319625 0.664243 0.322649 0.669803 0.327790 0.671942 0.340187 0.671086 0.343514 0.669376 0.346538 0.664671 0.347747 0.657827 0.356214 0.656116 0.358936 0.652695 0.359540 0.639435 0.358028 0.634303 0.359238 0.624038 0.357424 0.621044 0.347747 0.618905 0.345933 0.613772 0.346538 0.609495 0.353493 0.604790 0.355912 0.606501 0.358633 0.605218 0.357726 0.599230 0.350469 0.598802 0.347142 0.595381 0.348654 0.587254 0.357424 0.585971 0.359238 0.583405 0.358633 0.575706 0.360145 0.571001 0.360750 0.558597 0.358028 0.555603 0.349562 0.554320 0.322951 0.556031 0.306622 0.554748 0.285757 0.556886 0.274267 0.554748 0.269731 0.556886 0.256728 0.554320 0.252797 0.557314 0.250378 0.556031 0.245842 0.548760 0.239794 0.552181 0.236770 0.551754 0.233747 0.544910 0.231327 0.550470 0.225582 0.553037 0.188993 0.554748 0.171152 0.553892
0 0.367402 0.485030 0.364379 0.486313 0.362564 0.488452 0.364379 0.503422 0.363774 0.513259 0.364681 0.517964 0.364681 0.536784 0.366193 0.543199 0.366193 0.547904 0.362262 0.564157 0.361657 0.609495 0.361959 0.618905 0.361355 0.621899 0.361959 0.635158 0.361355 0.638152 0.361052 0.662960 0.361959 0.665098 0.365588 0.666809 0.374055 0.665954 0.376777 0.666809 0.390686 0.666382 0.392803 0.667237 0.396734 0.667237 0.398246 0.666382 0.398851 0.664671 0.398549 0.656972 0.399456 0.654405 0.398851 0.633020 0.399456 0.630453 0.398851 0.609495 0.399456 0.607357 0.398851 0.586399 0.399456 0.580411 0.398851 0.568007 0.399153 0.556886 0.398549 0.553037 0.398246 0.543199 0.399153 0.535500 0.399153 0.511976 0.398246 0.505988 0.398246 0.488879 0.396734 0.485885 0.394617 0.484602 0.379800 0.485030 0.377986 0.485885 0.370426 0.484602
0 0.170947 0.335584 0.172088 0.547020 0.327276 0.551056 0.330699 0.454214 0.279350 0.444530 0.283915 0.430811 0.394600 0.430811 0.397453 0.291198 0.290191 0.290391 0.287338 0.335584
0 0.337164 0.449102 0.337164 0.453379 0.336861 0.453807 0.336861 0.470915 0.336559 0.471343 0.336559 0.479897 0.336861 0.480325 0.337164 0.482464 0.338071 0.483319 0.339885 0.483747 0.340187 0.484174 0.342002 0.484174 0.342304 0.484602 0.346538 0.484602 0.346840 0.484174 0.348050 0.484174 0.348352 0.483747 0.353190 0.483747 0.353493 0.483319 0.355609 0.482891 0.356517 0.482036 0.358633 0.482036 0.360145 0.482891 0.364076 0.482891 0.364379 0.482464 0.366193 0.482464 0.366495 0.482891 0.376172 0.482891 0.376474 0.482464 0.378893 0.482464 0.379196 0.482891 0.386755 0.482891 0.389174 0.484174 0.391594 0.484174 0.393106 0.483319 0.396432 0.482891 0.396734 0.482464 0.397339 0.482464 0.398246 0.481181 0.398246 0.479042 0.398549 0.478614 0.398549 0.473054 0.398246 0.472626 0.397944 0.462789 0.398246 0.462361 0.398246 0.457656 0.398549 0.457228 0.398549 0.451240 0.398246 0.450813 0.398246 0.449102 0.397944 0.448246 0.396734 0.446535 0.395525 0.445680 0.394920 0.445680 0.394617 0.445252 0.393106 0.445252 0.392803 0.444825 0.389174 0.444825 0.387058 0.446108 0.384639 0.446108 0.384336 0.445680 0.383127 0.445680 0.382824 0.445252 0.377986 0.445252 0.377684 0.444825 0.375869 0.444825 0.375567 0.444397 0.368914 0.444397 0.368612 0.443969 0.367705 0.443969 0.366193 0.443114 0.364983 0.443114 0.364681 0.442686 0.363169 0.442686 0.362867 0.442258 0.354702 0.442686 0.354400 0.442258 0.349864 0.442258 0.349562 0.441831 0.344119 0.441831 0.342002 0.443114 0.341397 0.445252 0.341095 0.447819 0.340187 0.449957 0.338978 0.449957 0.338676 0.449530