0 0.349562 0.623610 0.348050 0.634303 0.348654 0.640291 0.348050 0.644996 0.348654 0.662532 0.348352 0.674080 0.348957 0.680496 0.348654 0.698460 0.351376 0.716852 0.352888 0.718563 0.377079 0.720274 0.381615 0.721985 0.417599 0.722840 0.440581 0.721985 0.445419 0.722840 0.451769 0.719846 0.452979 0.717707 0.452374 0.705304 0.453583 0.700599 0.452071 0.684346 0.452071 0.672797 0.453281 0.660393 0.453886 0.658683 0.455700 0.656972 0.460538 0.657399 0.467191 0.650128 0.469912 0.644996 0.473541 0.640719 0.474448 0.634731 0.475960 0.630026 0.475960 0.627459 0.475053 0.624893 0.472331 0.622327 0.469912 0.621471 0.452374 0.621899 0.444814 0.620188 0.424554 0.620188 0.415785 0.621044 0.411854 0.620188 0.367100 0.620616 0.362262 0.621899 0.353493 0.621471 0.350771 0.622327
0 0.483217 0.729256 0.479286 0.725834 0.473239 0.725406 0.460841 0.726689 0.454188 0.729256 0.446628 0.728828 0.443302 0.729684 0.439069 0.728828 0.420321 0.730539 0.393106 0.730539 0.381917 0.728828 0.379196 0.730967 0.377986 0.734388 0.377986 0.748075 0.377381 0.754063 0.376777 0.831480 0.378288 0.851155 0.379800 0.853293 0.381917 0.854577 0.394315 0.856287 0.478077 0.856715 0.485032 0.856287 0.486846 0.855004 0.487753 0.852438 0.487148 0.800684 0.487451 0.741660 0.486544 0.736955
0 0.644088 0.732250 0.641972 0.739521 0.641367 0.747220 0.641064 0.821642 0.643181 0.834474 0.644995 0.828914 0.649229 0.827630 0.660115 0.828486 0.667070 0.828058 0.670396 0.826775 0.679165 0.827630 0.689144 0.827203 0.691563 0.828914 0.690959 0.840034 0.689447 0.845167 0.687632 0.847305 0.680375 0.847305 0.679165 0.846022 0.676444 0.838751 0.675234 0.838323 0.672210 0.844739 0.672815 0.850727 0.674932 0.853721 0.683701 0.853721 0.689144 0.852438 0.695494 0.855004 0.704566 0.855004 0.709102 0.853293 0.733293 0.854149 0.736619 0.853293 0.738736 0.851583 0.739946 0.843456 0.740248 0.831052 0.739946 0.797263 0.740550 0.793841 0.740550 0.759624 0.739946 0.754491 0.740248 0.745509 0.737224 0.732250 0.735410 0.733533 0.734805 0.735672 0.735107 0.738666 0.733595 0.740804 0.720290 0.740804 0.718174 0.741660 0.708799 0.741660 0.706985 0.739949 0.707590 0.733105 0.706683 0.730111 0.704566 0.727973 0.686725 0.727973 0.683701 0.727117 0.674630 0.727117 0.669489 0.725834 0.657393 0.725834 0.647112 0.729256
0 0.382824 0.256202 0.381312 0.259624 0.379800 0.306672 0.379800 0.396065 0.380708 0.406330 0.382522 0.407613 0.409737 0.409752 0.454793 0.408896 0.466888 0.409752 0.470517 0.408041 0.471727 0.406330 0.471122 0.376390 0.472029 0.372113 0.471122 0.328486 0.472029 0.324636 0.472029 0.319076 0.475658 0.314799 0.476565 0.309666 0.477774 0.307956 0.480194 0.310094 0.482613 0.310094 0.485334 0.307100 0.485334 0.305817 0.483217 0.303678 0.478077 0.302823 0.475960 0.298118 0.475658 0.294269 0.477472 0.291702 0.480194 0.296407 0.482008 0.296835 0.485032 0.293413 0.486241 0.296835 0.486544 0.304534 0.490172 0.304962 0.493801 0.301540 0.496825 0.289991 0.496220 0.286997 0.494103 0.285287 0.489870 0.284859 0.485334 0.287425 0.480496 0.287425 0.477774 0.288708 0.473541 0.287853 0.470517 0.282720 0.470819 0.260479 0.469005 0.257057 0.466284 0.255774 0.443907 0.254491 0.386755 0.254919
0 0.691261 0.061591 0.689749 0.067579 0.690051 0.085971 0.689144 0.094953 0.689447 0.101796 0.688237 0.108640 0.689144 0.112917 0.688539 0.119760 0.688539 0.127459 0.689144 0.129598 0.688842 0.136869 0.690051 0.144996 0.692168 0.149273 0.691563 0.153550 0.691866 0.184773 0.692773 0.189478 0.697006 0.191189 0.709404 0.190761 0.713033 0.187767 0.716662 0.189050 0.726338 0.189050 0.729060 0.188195 0.733595 0.189050 0.736619 0.185201 0.740853 0.183062 0.742667 0.183062 0.745691 0.184773 0.750227 0.183490 0.753251 0.186056 0.757787 0.185629 0.759601 0.184346 0.762927 0.177930 0.762927 0.172797 0.762020 0.168520 0.762020 0.165098 0.763229 0.159966 0.762927 0.147134 0.762322 0.143285 0.763229 0.139008 0.763229 0.134731 0.762625 0.131737 0.762927 0.111206 0.762322 0.107784 0.762322 0.094525 0.762927 0.091959 0.762020 0.066724 0.760810 0.062874 0.758996 0.060308 0.757787 0.059880 0.752948 0.060736 0.745691 0.060736 0.742969 0.059880 0.724221 0.059880 0.722407 0.060736 0.713335 0.060736 0.704264 0.059880 0.701845 0.060736 0.695797 0.060308
0 0.487753 0.140719 0.485032 0.138580 0.463865 0.138580 0.453281 0.139863 0.439976 0.139008 0.435138 0.145423 0.425461 0.145423 0.420018 0.146707 0.413366 0.145851 0.407318 0.147134 0.397037 0.145851 0.381917 0.147562 0.381917 0.154833 0.381010 0.158255 0.380708 0.231822 0.381615 0.243370 0.382522 0.244226 0.387360 0.244226 0.389174 0.245081 0.409435 0.244226 0.415785 0.242943 0.420018 0.242943 0.423042 0.244654 0.465376 0.245081 0.469308 0.242087 0.478379 0.244226 0.485334 0.244226 0.487148 0.242943 0.488056 0.241232 0.488056 0.236527 0.486544 0.234816 0.478984 0.233961 0.476565 0.235244 0.472331 0.235672 0.470215 0.236955 0.469610 0.238238 0.468400 0.234816 0.468400 0.230539 0.470517 0.227545 0.472936 0.219846 0.475658 0.215997 0.480798 0.211719 0.485939 0.210436 0.488660 0.207015 0.490475 0.201882 0.488660 0.195466 0.489265 0.187767 0.489265 0.162104 0.488358 0.142429
0 0.344723 0.414457 0.343514 0.427716 0.343514 0.441831 0.344723 0.447391 0.343514 0.465355 0.345328 0.470488 0.345026 0.490590 0.344119 0.492729 0.341397 0.493157 0.340490 0.500428 0.341699 0.506843 0.340187 0.512831 0.340187 0.520530 0.341095 0.525235 0.343211 0.529085 0.343211 0.559453 0.344421 0.574423 0.343514 0.592814 0.344421 0.597947 0.344119 0.606074 0.346840 0.612489 0.356517 0.617622 0.378591 0.618050 0.381917 0.615911 0.394920 0.617194 0.399758 0.614200 0.408830 0.616767 0.419413 0.615911 0.422740 0.617622 0.441790 0.617622 0.452979 0.615911 0.473239 0.620616 0.476867 0.617194 0.488963 0.619333 0.502268 0.619333 0.510735 0.617194 0.516480 0.608640 0.517387 0.606074 0.518295 0.571429 0.517690 0.564585 0.518597 0.550043 0.519202 0.452096 0.517992 0.435843 0.515573 0.429427 0.510432 0.422583 0.502570 0.418306 0.490777 0.416168 0.476867 0.418734 0.471424 0.415312 0.443604 0.414029 0.418809 0.415740 0.408830 0.414457 0.384336 0.416168 0.369519 0.415312 0.364681 0.413601 0.357726 0.417023 0.351678 0.417451 0.348654 0.416595 0.345630 0.413601
0 0.460784 0.717300 0.460784 0.628529 0.523544 0.622880 0.525826 0.431618 0.700413 0.432425 0.695278 0.717300
0 0.565764 0.735054 0.564623 0.853685 0.614831 0.851264 0.615401 0.730212
0 0.556065 0.852878 0.514415 0.851264 0.513274 0.731019 0.560058 0.731019
0 0.740921 0.407408 0.534954 0.400951 0.533813 0.201620 0.736357 0.198392
0 0.479612 0.407408 0.480182 0.264567 0.498440 0.257303 0.497298 0.147550 0.528108 0.142708 0.527537 0.405794
0 0.488170 0.132217 0.442526 0.130603 0.438532 0.065235 0.487029 0.065235
0 0.564052 0.130603 0.493875 0.126568 0.495587 0.068463 0.562911 0.066042
0 0.679873 0.188708 0.572610 0.185479 0.573752 0.068463 0.676450 0.065235