0 0.112298 0.356566 0.114579 0.438881 0.222950 0.439688 0.224091 0.359794
0 0.282839 0.361408 0.279987 0.441302 0.345580 0.441302 0.344439 0.358180
0 0.234358 0.361408 0.232646 0.439688 0.275995 0.441302 0.272572 0.359794
0 0.230365 0.266181 0.232646 0.345268 0.279417 0.346075 0.279987 0.267795
0 0.224091 0.346882 0.197854 0.345268 0.198994 0.271023 0.222950 0.268602
0 0.147661 0.171760 0.148231 0.255689 0.221809 0.259724 0.225802 0.170953
0 0.233787 0.170146 0.232646 0.252461 0.302802 0.258917 0.302232 0.327513 0.345010 0.327513 0.344439 0.168532
0 0.115720 0.171760 0.114579 0.347689 0.190439 0.344461 0.191580 0.266988 0.140816 0.264567 0.139105 0.171760
0 0.340447 0.448565 0.283980 0.449372 0.282269 0.498600 0.236069 0.500214 0.234358 0.532494 0.341017 0.537336
0 0.274854 0.488916 0.233217 0.490530 0.233217 0.480039 0.222950 0.483267 0.222950 0.531687 0.112868 0.533301 0.109446 0.449372 0.274284 0.451793
0 0.647219 0.292558 0.646917 0.299829 0.646614 0.300257 0.646614 0.306245 0.646312 0.306672 0.646312 0.319076 0.646010 0.320359 0.646312 0.320787 0.646312 0.329769 0.646614 0.330197 0.646614 0.347305 0.648126 0.349444 0.650544 0.350727 0.653265 0.350727 0.653567 0.350299 0.659613 0.350299 0.659915 0.350727 0.691354 0.350299 0.691657 0.350727 0.714027 0.351155 0.716143 0.350299 0.718863 0.350299 0.719166 0.350727 0.729142 0.350299 0.732467 0.349016 0.733978 0.346878 0.734281 0.327203 0.733676 0.323781 0.733374 0.311805 0.733676 0.311377 0.733676 0.306245 0.733978 0.305817 0.734583 0.295124 0.733978 0.291275 0.732769 0.289564 0.730955 0.289136 0.720073 0.289564 0.717050 0.290847 0.712213 0.290847 0.709492 0.289136 0.707376 0.289136 0.705260 0.289991 0.673519 0.289991 0.673216 0.290419 0.670496 0.290419 0.668077 0.289564 0.660218 0.289564 0.659915 0.289991 0.655683 0.289991 0.655381 0.290419 0.650242 0.289136 0.648126 0.290419
0 0.734004 0.364636 0.735145 0.536529 0.805871 0.538950 0.803589 0.359794
0 0.734281 0.291275 0.733071 0.289136 0.730955 0.288708 0.720677 0.289136 0.712817 0.290847 0.708888 0.288708 0.704353 0.289991 0.697098 0.289991 0.696796 0.290419 0.695284 0.289991 0.677146 0.289991 0.676844 0.289564 0.672612 0.290419 0.670496 0.290419 0.668077 0.289564 0.661729 0.289564 0.661427 0.289991 0.654776 0.290419 0.652963 0.289564 0.649335 0.289564 0.647823 0.291275 0.646917 0.294696 0.646917 0.302823 0.646312 0.308383 0.646614 0.346878 0.647521 0.348589 0.649940 0.350299 0.659311 0.350299 0.659613 0.350727 0.700725 0.350299 0.701028 0.350727 0.714329 0.351155 0.716445 0.350299 0.718259 0.350727 0.729142 0.350299 0.732769 0.349016 0.734281 0.347305 0.734583 0.334474 0.734885 0.334046 0.734885 0.328486 0.733978 0.323353 0.733978 0.307956 0.734281 0.307528 0.734281 0.300257 0.734583 0.299829
0 0.649637 0.174936 0.648730 0.179213 0.648126 0.198460 0.648428 0.231394 0.647219 0.281009 0.648126 0.285714 0.650242 0.286997 0.692866 0.285714 0.695889 0.287853 0.706771 0.286570 0.723398 0.287425 0.733676 0.286142 0.736397 0.288708 0.737606 0.301112 0.741233 0.306672 0.739420 0.314371 0.741536 0.321642 0.741838 0.335329 0.745163 0.347305 0.759069 0.348161 0.761487 0.349444 0.765719 0.348589 0.771765 0.349444 0.796554 0.348589 0.803507 0.346450 0.805018 0.326347 0.805320 0.296835 0.804716 0.290419 0.805320 0.249358 0.804414 0.242515 0.805320 0.177074 0.804111 0.171942 0.799879 0.170231 0.774486 0.170659 0.745163 0.168948 0.732769 0.169376 0.728839 0.172797 0.727328 0.170659 0.721584 0.169376 0.716445 0.171086 0.686215 0.169376 0.676239 0.172370 0.664147 0.171086 0.659008 0.172370 0.654776 0.171942 0.651451 0.172797
0 0.649637 0.360992 0.647823 0.364414 0.645707 0.376390 0.646010 0.500428 0.645405 0.508127 0.646010 0.515826 0.645707 0.535500 0.646312 0.537211 0.648730 0.539350 0.652963 0.540205 0.675332 0.540205 0.677751 0.538922 0.680169 0.535500 0.681681 0.538494 0.683797 0.539778 0.699819 0.540205 0.703749 0.541916 0.715236 0.540205 0.721886 0.540633 0.728537 0.539778 0.730955 0.538494 0.732769 0.535500 0.731258 0.473482 0.732164 0.466210 0.731258 0.449102 0.732164 0.439264 0.731560 0.426861 0.731862 0.423011 0.734281 0.418306 0.733978 0.410607 0.734885 0.407186 0.735187 0.373824 0.733676 0.366125 0.732769 0.365269 0.730048 0.365269 0.725816 0.369974 0.724305 0.370402 0.721886 0.368691 0.717352 0.360565 0.672612 0.360565 0.662636 0.359709 0.659613 0.360992