0 0.351981 0.541916 0.351376 0.544482 0.351376 0.561163 0.351678 0.561591 0.351678 0.566724 0.351376 0.567151 0.351376 0.585115 0.351678 0.585543 0.351376 0.613772 0.351981 0.616339 0.352888 0.617622 0.356517 0.618477 0.358633 0.618050 0.384639 0.618050 0.384941 0.617622 0.390082 0.617622 0.390384 0.618050 0.401875 0.618050 0.403689 0.617622 0.403992 0.618050 0.419413 0.618477 0.420623 0.617194 0.421530 0.613345 0.421530 0.590248 0.423042 0.580838 0.423042 0.568862 0.423647 0.566296 0.423647 0.563730 0.422437 0.560308 0.418809 0.556031 0.411551 0.556459 0.407620 0.555175 0.399758 0.555603 0.399456 0.556031 0.380103 0.555603 0.378288 0.554320 0.378288 0.552181 0.379498 0.550898 0.383127 0.550043 0.384639 0.548760 0.385243 0.547049 0.385243 0.543199 0.384034 0.541916 0.379498 0.541061 0.376172 0.539778 0.367402 0.539778 0.367100 0.539350 0.356214 0.539350 0.353493 0.540205
0 0.352283 0.621899 0.351073 0.709153 0.351376 0.745509 0.353190 0.749786 0.362867 0.750642 0.366798 0.749786 0.370124 0.746364 0.377684 0.747648 0.380103 0.745937 0.377986 0.742515 0.374055 0.740376 0.370426 0.740804 0.369822 0.739949 0.369217 0.733961 0.370426 0.723696 0.369519 0.718991 0.370124 0.712147 0.369519 0.704448 0.370426 0.697605 0.368914 0.683062 0.370124 0.681352 0.382220 0.680496 0.398246 0.681779 0.410644 0.680924 0.412156 0.682635 0.410644 0.698888 0.411551 0.726689 0.410644 0.738666 0.406411 0.745509 0.397944 0.743370 0.392198 0.745937 0.407620 0.745937 0.414273 0.750214 0.425159 0.751069 0.452676 0.751069 0.454793 0.749358 0.455700 0.745937 0.455398 0.712147 0.456607 0.701454 0.455700 0.645423 0.454490 0.642002 0.446024 0.639008 0.422740 0.640719 0.421228 0.638580 0.420623 0.635158 0.420925 0.622327 0.418809 0.619760 0.355005 0.620188
0 0.457817 0.641574 0.456910 0.643285 0.456607 0.651839 0.456305 0.652267 0.456607 0.652695 0.456607 0.665954 0.456910 0.666382 0.456910 0.670659 0.457212 0.671086 0.457212 0.674936 0.457514 0.675364 0.456910 0.679213 0.456910 0.698460 0.457212 0.698888 0.457212 0.701454 0.456910 0.701882 0.456910 0.747220 0.457212 0.748503 0.458422 0.750214 0.459631 0.751069 0.486544 0.751069 0.486846 0.751497 0.495313 0.751069 0.495615 0.751497 0.497430 0.751497 0.498337 0.750214 0.498942 0.747648 0.498639 0.732250 0.498337 0.731822 0.498639 0.711719 0.498337 0.711292 0.498337 0.707442 0.498034 0.707015 0.498337 0.688623 0.497732 0.684773 0.497732 0.680068 0.498337 0.676647 0.498337 0.670659 0.498034 0.670231 0.498034 0.665098 0.497732 0.664671 0.497732 0.657827 0.498337 0.655689 0.498337 0.647990 0.498034 0.647562 0.497732 0.641574 0.497127 0.640719 0.488660 0.641146 0.488358 0.640719 0.480798 0.640719 0.480496 0.640291 0.465679 0.640291 0.465376 0.640719 0.460236 0.640719
0 0.696099 0.613345 0.695192 0.611634 0.691866 0.610351 0.682189 0.610778 0.678561 0.609923 0.659208 0.610351 0.654067 0.609495 0.651648 0.610351 0.619897 0.610351 0.611128 0.611634 0.596613 0.611634 0.592682 0.610351 0.582703 0.610778 0.581191 0.612489 0.580587 0.624465 0.579377 0.629598 0.579075 0.639435 0.579377 0.652695 0.580587 0.659110 0.580587 0.680068 0.582099 0.681779 0.592682 0.683062 0.602963 0.683062 0.605685 0.682207 0.609616 0.682635 0.612337 0.681779 0.627155 0.682207 0.630783 0.681352 0.651648 0.681779 0.654672 0.683062 0.674630 0.683062 0.678561 0.683918 0.685516 0.683918 0.687935 0.685201 0.692773 0.685201 0.695494 0.688623 0.697611 0.688623 0.698518 0.687340 0.698518 0.671514 0.698216 0.668948 0.696099 0.664243 0.696099 0.662532 0.697006 0.659966 0.697006 0.653122 0.696099 0.647134 0.694285 0.642002 0.694587 0.636441 0.696402 0.628743
0 0.581796 0.538922 0.581494 0.551754 0.579679 0.560308 0.579679 0.576989 0.581191 0.582977 0.581191 0.595381 0.580587 0.597519 0.580587 0.601369 0.581191 0.603507 0.584215 0.606929 0.589658 0.605646 0.592682 0.607784 0.599637 0.607784 0.606290 0.606074 0.614152 0.605646 0.617478 0.607357 0.650136 0.606929 0.655277 0.606074 0.661022 0.606074 0.664651 0.606929 0.672210 0.606501 0.690051 0.607357 0.695494 0.605646 0.697006 0.603080 0.697309 0.599658 0.695797 0.590676 0.695797 0.587682 0.697006 0.583832 0.697006 0.575278 0.696402 0.571856 0.696704 0.546621 0.695192 0.543627 0.691866 0.540633 0.688539 0.539778 0.682189 0.540205 0.680375 0.539350 0.674932 0.538922 0.669791 0.536784 0.631993 0.535928 0.600242 0.536356 0.586030 0.535500 0.583308 0.536356
0 0.697611 0.461078 0.697006 0.459367 0.695797 0.459367 0.693075 0.462789 0.688539 0.461506 0.684608 0.462789 0.670699 0.462361 0.668884 0.461506 0.662232 0.461078 0.629574 0.461078 0.626852 0.461933 0.616571 0.461506 0.613547 0.460650 0.605685 0.460650 0.600847 0.461506 0.588146 0.460650 0.583308 0.461078 0.581494 0.462361 0.580284 0.465355 0.580587 0.481181 0.579377 0.485885 0.579075 0.500855 0.580587 0.507271 0.580587 0.528229 0.581191 0.531223 0.582401 0.532934 0.584820 0.533790 0.608406 0.532506 0.613245 0.533790 0.617176 0.532506 0.622316 0.533790 0.643786 0.532934 0.647717 0.533790 0.651346 0.532506 0.652858 0.533362 0.661929 0.533362 0.666465 0.534217 0.670699 0.533362 0.684004 0.533362 0.688842 0.534217 0.693075 0.532934 0.696099 0.535073 0.696704 0.534645 0.697914 0.530368 0.697309 0.523524 0.697309 0.505133 0.696402 0.500428 0.696704 0.492729 0.697309 0.489735 0.697006 0.474337 0.697914 0.466638
0 0.580889 0.375962 0.579982 0.381950 0.579982 0.392216 0.578772 0.406758 0.579075 0.407186 0.579075 0.419589 0.580587 0.425577 0.580284 0.453807 0.580889 0.456373 0.581796 0.458084 0.583913 0.459367 0.585727 0.459367 0.587542 0.458512 0.593589 0.458512 0.598125 0.456801 0.602963 0.458084 0.610221 0.458084 0.612035 0.457228 0.616873 0.457228 0.617176 0.457656 0.621107 0.457656 0.621409 0.457228 0.623828 0.458084 0.649531 0.458512 0.650741 0.458084 0.651648 0.456801 0.652858 0.453807 0.652858 0.450813 0.651950 0.445252 0.651950 0.437553 0.651648 0.437126 0.651648 0.428144 0.652253 0.425577 0.652253 0.422156 0.651648 0.417879 0.651648 0.408896 0.651346 0.408469 0.651648 0.387083 0.652253 0.381523 0.651950 0.378101 0.651043 0.375962 0.647717 0.375107 0.641367 0.375535 0.638948 0.376390 0.628969 0.375962 0.625945 0.375107 0.590565 0.375962 0.584820 0.374252 0.582099 0.374679
0 0.547021 0.245081 0.545812 0.248503 0.546417 0.251925 0.547021 0.286570 0.546719 0.348161 0.548533 0.351155 0.555186 0.353293 0.560024 0.351583 0.578470 0.352010 0.579679 0.352866 0.580889 0.355432 0.581494 0.369119 0.583006 0.371685 0.584518 0.372541 0.638040 0.372541 0.647112 0.373396 0.650136 0.372541 0.651648 0.370830 0.652253 0.366980 0.652555 0.345595 0.651950 0.343028 0.651648 0.288281 0.650741 0.284431 0.650741 0.275449 0.652253 0.248931 0.651043 0.245081 0.638040 0.243798 0.606290 0.245081 0.602359 0.244226 0.592380 0.245081 0.571817 0.245081 0.569096 0.244226 0.555791 0.244226 0.552464 0.242943 0.549138 0.243370
0 0.501663 0.242943 0.501058 0.243798 0.500454 0.247220 0.500151 0.254491 0.500756 0.255774 0.501663 0.260479 0.501663 0.266895 0.502268 0.269889 0.501966 0.278871 0.502268 0.279299 0.502268 0.294269 0.502570 0.295552 0.502268 0.295979 0.501966 0.307956 0.501663 0.308383 0.501663 0.313516 0.502268 0.316510 0.502268 0.320359 0.501966 0.320787 0.501663 0.325920 0.501966 0.326347 0.501966 0.338323 0.502570 0.340462 0.501966 0.348161 0.503477 0.352438 0.505292 0.353721 0.508920 0.353721 0.509223 0.354149 0.514363 0.353721 0.514666 0.353293 0.529483 0.353293 0.529785 0.352866 0.542486 0.352866 0.543695 0.352438 0.544905 0.350727 0.545207 0.349444 0.544905 0.335329 0.544602 0.334902 0.544602 0.301967 0.544300 0.301540 0.544602 0.300257 0.544602 0.292558 0.544300 0.292130 0.544300 0.286570 0.544602 0.286142 0.544602 0.281009 0.544300 0.280582 0.544602 0.247220 0.543695 0.244654 0.542788 0.243370 0.541276 0.242943 0.538555 0.242943 0.534926 0.244226 0.530088 0.244226 0.529785 0.244654 0.522226 0.244654 0.521923 0.244226 0.518597 0.244226 0.518295 0.243798 0.514666 0.243798 0.511642 0.242515 0.502570 0.242515
0 0.427880 0.316510 0.425461 0.319932 0.425461 0.334902 0.422437 0.341317 0.422740 0.350727 0.425461 0.358854 0.424856 0.364414 0.423042 0.369547 0.423344 0.391360 0.422135 0.416168 0.422437 0.431565 0.423344 0.434987 0.422437 0.500428 0.423344 0.505988 0.422740 0.556459 0.424856 0.564585 0.422437 0.577417 0.423647 0.587682 0.423949 0.609068 0.423042 0.619760 0.423949 0.631309 0.427578 0.636441 0.431207 0.637725 0.439371 0.637725 0.444512 0.635586 0.451164 0.639008 0.495313 0.639008 0.497127 0.637297 0.498337 0.631309 0.498337 0.556886 0.497430 0.550043 0.497430 0.521386 0.498639 0.503849 0.497127 0.431993 0.497127 0.360137 0.494708 0.354577 0.491987 0.353721 0.453583 0.354577 0.452374 0.353293 0.451164 0.341317 0.448745 0.336185 0.449955 0.330197 0.447233 0.324636 0.446326 0.319504 0.443604 0.316938 0.434230 0.317793
0 0.506199 0.355860 0.502570 0.359709 0.502570 0.377673 0.501663 0.383661 0.502873 0.389222 0.501361 0.394354 0.502570 0.410180 0.502570 0.425577 0.501663 0.428571 0.502570 0.463216 0.501966 0.470915 0.503780 0.476903 0.502570 0.481181 0.502873 0.502994 0.501663 0.515826 0.503780 0.549187 0.502268 0.561163 0.502873 0.571856 0.501966 0.578700 0.501966 0.634731 0.504989 0.645851 0.506804 0.647562 0.519806 0.647990 0.530390 0.645851 0.539764 0.646279 0.540671 0.647562 0.540671 0.660821 0.542183 0.676219 0.544300 0.681352 0.544905 0.687767 0.546417 0.689906 0.552464 0.689478 0.555488 0.691617 0.568793 0.691189 0.571817 0.692900 0.576051 0.691189 0.577865 0.687767 0.579075 0.677502 0.579377 0.597519 0.578470 0.558169 0.579679 0.552181 0.579075 0.507271 0.580284 0.441831 0.578167 0.416168 0.579075 0.376818 0.580284 0.371257 0.579075 0.357571 0.576353 0.352438 0.570305 0.351583 0.560931 0.352438 0.556396 0.357143 0.552767 0.354577
0 0.303598 0.465355 0.302994 0.468777 0.302691 0.488024 0.302994 0.529085 0.303901 0.531651 0.310856 0.535928 0.352585 0.535500 0.356819 0.534217 0.363774 0.535073 0.378288 0.534645 0.381312 0.535500 0.394920 0.534645 0.397641 0.535928 0.405201 0.536356 0.410644 0.535500 0.415180 0.537211 0.419413 0.537211 0.421530 0.533790 0.422135 0.529512 0.421530 0.523097 0.421530 0.511976 0.422437 0.506416 0.422437 0.482891 0.421530 0.478186 0.421530 0.468777 0.420018 0.464500 0.417297 0.464072 0.412458 0.465355 0.401270 0.465355 0.399758 0.464500 0.381010 0.464927 0.356819 0.463644 0.353493 0.464927 0.339280 0.464500 0.332023 0.465783 0.320835 0.466210 0.315392 0.465783 0.312368 0.464500 0.304203 0.464500
0 0.421228 0.393499 0.418809 0.389649 0.415180 0.390077 0.411551 0.391788 0.408527 0.390932 0.401875 0.391788 0.399153 0.390505 0.389477 0.390505 0.386755 0.391788 0.376172 0.390932 0.368914 0.391788 0.366193 0.390932 0.356819 0.390505 0.353493 0.392216 0.342607 0.391360 0.336256 0.392216 0.332325 0.391788 0.329604 0.392643 0.310856 0.391788 0.303901 0.393499 0.302994 0.396065 0.302994 0.417879 0.303901 0.422156 0.306925 0.420017 0.308134 0.422583 0.308134 0.426861 0.307529 0.428571 0.307832 0.436698 0.307529 0.438837 0.306622 0.439692 0.305413 0.437553 0.305413 0.433704 0.306320 0.429855 0.303901 0.426433 0.303901 0.447391 0.303296 0.454234 0.303901 0.456373 0.305413 0.456801 0.307832 0.459367 0.311461 0.461506 0.351678 0.461933 0.363169 0.461078 0.366193 0.459795 0.371636 0.460650 0.394920 0.460650 0.397944 0.461506 0.402177 0.460650 0.405503 0.461506 0.410342 0.460650 0.416389 0.461506 0.419716 0.460650 0.420623 0.459367 0.421228 0.454234 0.420321 0.443541 0.420623 0.441403 0.423949 0.435843 0.425764 0.435843 0.423647 0.434132 0.422437 0.430282 0.422740 0.424294 0.421833 0.411035 0.421833 0.396493
0 0.304808 0.315227 0.304808 0.316938 0.302691 0.323781 0.302691 0.385800 0.303296 0.388794 0.304506 0.390077 0.306622 0.390077 0.310856 0.391788 0.332325 0.391360 0.334744 0.392216 0.341699 0.392216 0.348050 0.391360 0.353795 0.391788 0.356819 0.390932 0.412156 0.390505 0.416389 0.391360 0.419413 0.390932 0.421228 0.388794 0.421833 0.386228 0.421833 0.378956 0.420925 0.370830 0.422740 0.364842 0.422135 0.337896 0.422437 0.328486 0.423344 0.325064 0.423344 0.322498 0.422437 0.318221 0.420925 0.315654 0.415180 0.314371 0.413063 0.315227 0.405806 0.315227 0.402177 0.316938 0.398246 0.315227 0.392198 0.314799 0.384941 0.316082 0.377986 0.314799 0.367705 0.315227 0.361657 0.314371 0.352283 0.314799 0.348957 0.313944 0.317206 0.313944 0.308739 0.313088 0.306320 0.313516