0 0.217720 0.422156 0.217418 0.423011 0.217418 0.440975 0.217720 0.441403 0.217720 0.445680 0.217418 0.446108 0.217720 0.447819 0.217418 0.511121 0.217720 0.511976 0.219534 0.513259 0.221953 0.513259 0.224373 0.511976 0.231025 0.511976 0.231327 0.511548 0.241911 0.511976 0.243423 0.512831 0.246145 0.513259 0.258845 0.513259 0.261264 0.511548 0.263683 0.511548 0.265195 0.512404 0.274871 0.511976 0.280315 0.513259 0.283338 0.513259 0.284246 0.511976 0.284850 0.508982 0.284548 0.435843 0.284850 0.435415 0.284850 0.428144 0.285153 0.427716 0.285153 0.423011 0.284246 0.420017 0.280012 0.419589 0.279710 0.420017 0.267312 0.420017 0.265800 0.420445 0.265497 0.420017 0.260054 0.420017 0.259752 0.419589 0.247354 0.419589 0.243121 0.420873 0.220744 0.420017 0.219534 0.420445
0 0.722709 0.429427 0.722407 0.430282 0.722407 0.439264 0.721500 0.446535 0.721802 0.460650 0.722407 0.464072 0.722407 0.468349 0.722105 0.468777 0.722407 0.484602 0.723919 0.496151 0.724221 0.516253 0.725431 0.518820 0.728152 0.520103 0.731781 0.520103 0.734805 0.519247 0.746296 0.519675 0.749924 0.522241 0.753855 0.520103 0.759298 0.520103 0.762020 0.521814 0.763229 0.521814 0.766253 0.518820 0.767765 0.518820 0.770184 0.520103 0.774116 0.519247 0.787723 0.519675 0.790445 0.517109 0.791352 0.511548 0.791049 0.477759 0.790747 0.477331 0.790747 0.439692 0.789840 0.434132 0.789840 0.431565 0.789537 0.430282 0.788025 0.428144 0.782280 0.427716 0.779861 0.426861 0.776535 0.427716 0.769882 0.427288 0.766858 0.428144 0.762020 0.426861 0.761718 0.427288 0.752344 0.427288 0.748412 0.428571 0.744481 0.428571 0.741458 0.427288 0.725431 0.426861
0 0.631993 0.583405 0.631690 0.584260 0.631690 0.588965 0.631388 0.589393 0.631388 0.595808 0.631690 0.596236 0.631388 0.647134 0.631690 0.647562 0.631690 0.651839 0.633202 0.654405 0.634714 0.655261 0.638645 0.655689 0.638948 0.656116 0.639250 0.655689 0.651648 0.655689 0.651950 0.656116 0.667977 0.655689 0.668279 0.656116 0.680375 0.656116 0.680677 0.656544 0.686423 0.656544 0.686725 0.656972 0.693680 0.656972 0.693982 0.656544 0.695192 0.656544 0.696402 0.655261 0.697006 0.651839 0.696402 0.648417 0.696099 0.621899 0.695797 0.621471 0.695797 0.597519 0.696099 0.597091 0.696099 0.592814 0.695494 0.588965 0.695494 0.585543 0.694587 0.582977 0.693075 0.582121 0.685213 0.582121 0.684911 0.581694 0.680677 0.581694 0.680375 0.581266 0.680073 0.581694 0.674932 0.582121 0.674630 0.581694 0.671303 0.581266 0.668582 0.579983 0.664046 0.579983 0.663744 0.580411 0.651043 0.580838 0.648322 0.582121 0.633807 0.581694
0 0.626242 0.652739 0.610837 0.650318 0.609696 0.585757 0.627383 0.581722
0 0.550045 0.581266 0.549138 0.584688 0.549138 0.592814 0.548836 0.593242 0.548836 0.595381 0.549138 0.595808 0.549138 0.608640 0.549441 0.609068 0.549441 0.617622 0.549138 0.618050 0.549138 0.627887 0.549441 0.628315 0.549138 0.650128 0.549743 0.652695 0.551255 0.655261 0.552162 0.656116 0.557907 0.656116 0.558210 0.656544 0.577865 0.656116 0.578167 0.655689 0.580284 0.655689 0.583913 0.653978 0.588751 0.654405 0.589054 0.654833 0.589961 0.654833 0.590263 0.654405 0.595101 0.654405 0.595404 0.653978 0.601451 0.654405 0.603568 0.653550 0.604778 0.651839 0.604778 0.647562 0.605080 0.647134 0.604778 0.633020 0.606290 0.626176 0.606290 0.618905 0.605987 0.618477 0.606290 0.610778 0.605987 0.610351 0.605685 0.587254 0.605383 0.586826 0.605383 0.584688 0.604173 0.582549 0.601451 0.581266 0.599335 0.581266 0.599032 0.580838 0.575144 0.580838 0.574841 0.581266 0.566677 0.580838 0.566374 0.581266 0.563653 0.581266 0.563350 0.580838 0.556698 0.580411 0.556396 0.579983 0.551557 0.579983
0 0.433626 0.509410 0.432718 0.511976 0.432416 0.514970 0.432416 0.598802 0.431811 0.609068 0.432416 0.635586 0.436045 0.640291 0.444209 0.640719 0.448140 0.638580 0.474448 0.640291 0.498337 0.639863 0.499546 0.636441 0.500151 0.631737 0.500151 0.517536 0.498942 0.510693 0.497127 0.508982 0.488660 0.508982 0.485939 0.509838 0.459933 0.509410 0.456305 0.511121 0.452374 0.510265 0.443604 0.510265 0.436952 0.508127 0.435440 0.508127
0 0.432416 0.644568 0.431811 0.646707 0.431811 0.649701 0.432114 0.650128 0.432114 0.656116 0.431811 0.656544 0.432114 0.667665 0.431811 0.668092 0.431811 0.671086 0.430602 0.676647 0.430602 0.682207 0.430299 0.682635 0.430299 0.701026 0.431509 0.704876 0.431811 0.707442 0.431509 0.718135 0.432416 0.721129 0.433626 0.721985 0.435440 0.721985 0.435742 0.722412 0.438161 0.722412 0.438464 0.721985 0.445721 0.721985 0.446024 0.722412 0.462050 0.721985 0.462353 0.722412 0.494103 0.722412 0.495011 0.722840 0.495313 0.722412 0.498639 0.722412 0.500151 0.720701 0.500756 0.718135 0.500756 0.715141 0.500454 0.714713 0.500454 0.665954 0.500151 0.665526 0.500454 0.646279 0.499849 0.644140 0.498639 0.642429 0.496825 0.642002 0.496523 0.642429 0.492894 0.642429 0.492591 0.642857 0.486846 0.642857 0.486544 0.642429 0.474448 0.642429 0.474146 0.642857 0.472331 0.642857 0.472029 0.642429 0.463865 0.642429 0.460538 0.641574 0.456002 0.641574 0.452071 0.640291 0.448443 0.640291 0.444209 0.642002 0.435138 0.641574 0.433928 0.642429
0 0.429695 0.642429 0.428787 0.642429 0.428485 0.642002 0.425461 0.642429 0.425159 0.642857 0.418506 0.642857 0.418204 0.642429 0.410342 0.642429 0.410039 0.642857 0.408830 0.642857 0.408225 0.643285 0.407015 0.645423 0.407015 0.647134 0.406713 0.647562 0.406713 0.648417 0.407015 0.648845 0.407015 0.687767 0.407318 0.688195 0.407015 0.702310 0.407318 0.702737 0.407318 0.705731 0.407620 0.706159 0.407620 0.708298 0.407318 0.708725 0.407318 0.713430 0.407620 0.713858 0.407620 0.718135 0.408225 0.719846 0.409132 0.721129 0.409737 0.721129 0.410644 0.721985 0.413668 0.722412 0.413970 0.722840 0.419413 0.722840 0.419716 0.722412 0.424252 0.722412 0.424554 0.721985 0.426671 0.721985 0.426973 0.721557 0.428183 0.721557 0.428485 0.721129 0.429090 0.721129 0.429997 0.719418 0.429997 0.718563 0.430299 0.718135 0.430299 0.715141 0.429997 0.714713 0.429997 0.711292 0.429695 0.710864 0.429695 0.705731 0.429997 0.705304 0.429997 0.703165 0.430299 0.702737 0.430299 0.701454 0.430602 0.701026 0.430602 0.675791 0.430299 0.675364 0.430299 0.672370 0.429997 0.671942 0.429997 0.667665 0.430299 0.667237 0.430299 0.658255 0.430602 0.657827 0.430602 0.653550 0.430904 0.653122 0.430904 0.644996 0.430602 0.644568 0.430299 0.642857
0 0.405201 0.644996 0.404596 0.644140 0.403084 0.643285 0.400968 0.643285 0.400665 0.643713 0.396734 0.643713 0.396432 0.643285 0.387058 0.643285 0.386755 0.642857 0.384941 0.642429 0.383127 0.641146 0.380708 0.641146 0.380405 0.641574 0.379196 0.641574 0.378893 0.642002 0.371334 0.642002 0.371031 0.641574 0.369217 0.641574 0.368914 0.642002 0.367705 0.642002 0.366193 0.642857 0.362564 0.643285 0.362262 0.643713 0.358633 0.643713 0.358331 0.643285 0.356819 0.643285 0.356517 0.643713 0.354702 0.643713 0.354400 0.644140 0.353795 0.644140 0.353190 0.644996 0.352585 0.647134 0.351981 0.656116 0.351678 0.656544 0.351678 0.657827 0.351376 0.658255 0.351073 0.661249 0.350771 0.661677 0.350771 0.664671 0.350469 0.665098 0.350469 0.673225 0.350166 0.673653 0.350166 0.687767 0.350469 0.688195 0.350771 0.691617 0.352888 0.699316 0.354702 0.700599 0.360750 0.701026 0.361052 0.701454 0.364681 0.701454 0.364983 0.701026 0.375265 0.701026 0.375567 0.701454 0.377079 0.701454 0.377381 0.701882 0.389174 0.701882 0.389477 0.702310 0.391594 0.702310 0.391896 0.701882 0.399456 0.701882 0.399758 0.702310 0.401572 0.702310 0.401875 0.702737 0.403084 0.702737 0.405201 0.701454 0.405806 0.700599 0.405806 0.699743 0.406108 0.699316 0.406108 0.674080 0.405806 0.673653 0.406108 0.651839 0.405806 0.651411 0.405806 0.647134
0 0.429695 0.510265 0.423647 0.508127 0.410039 0.509410 0.371334 0.509410 0.361355 0.511976 0.356214 0.512404 0.352888 0.514115 0.351073 0.516253 0.350469 0.518392 0.351073 0.531651 0.350771 0.548760 0.351376 0.555603 0.351376 0.570573 0.350771 0.573995 0.350771 0.636014 0.351376 0.639008 0.352888 0.642002 0.378893 0.641574 0.382522 0.640291 0.390384 0.642002 0.419413 0.640291 0.426973 0.640719 0.428787 0.639863 0.429997 0.638152 0.430904 0.633875 0.430602 0.621471 0.431207 0.618477 0.431207 0.608640 0.430602 0.603935 0.430904 0.511976
0 0.508316 0.458939 0.507711 0.461506 0.507409 0.489735 0.508920 0.495723 0.508920 0.500855 0.511642 0.502994 0.517690 0.504277 0.521318 0.503422 0.530088 0.503849 0.535531 0.507271 0.537345 0.509838 0.537345 0.511976 0.535228 0.514970 0.534321 0.517964 0.534019 0.535500 0.534624 0.572284 0.535833 0.576133 0.540067 0.577417 0.548533 0.577844 0.550952 0.578700 0.570003 0.578272 0.576051 0.576561 0.578772 0.577417 0.597823 0.577844 0.602359 0.576989 0.604778 0.574850 0.605383 0.572712 0.605383 0.562019 0.605987 0.559025 0.605987 0.554748 0.605080 0.549615 0.600847 0.545766 0.592985 0.543627 0.591775 0.541916 0.591775 0.541061 0.593589 0.539350 0.601754 0.542344 0.604778 0.539350 0.605685 0.535928 0.605685 0.509838 0.605080 0.505988 0.605383 0.463216 0.604778 0.459367 0.602963 0.456373 0.600544 0.455518 0.564560 0.456801 0.560024 0.455518 0.555791 0.455945 0.550348 0.455090 0.545207 0.456373 0.513456 0.456373 0.509525 0.457656
0 0.694890 0.435843 0.690959 0.434132 0.668582 0.434132 0.660115 0.435843 0.658905 0.437126 0.659208 0.440120 0.656184 0.444397 0.655579 0.446535 0.655579 0.453379 0.653765 0.455090 0.612337 0.455945 0.607802 0.458084 0.607197 0.459367 0.606592 0.469632 0.606894 0.522669 0.607499 0.533362 0.608709 0.537211 0.610221 0.538494 0.618083 0.538494 0.620804 0.541061 0.617780 0.542772 0.609616 0.543199 0.607499 0.545766 0.607197 0.550043 0.608104 0.559880 0.607197 0.570573 0.609011 0.573995 0.613547 0.576989 0.626247 0.577417 0.631388 0.578700 0.647415 0.579127 0.650741 0.578272 0.653765 0.580411 0.664953 0.580411 0.671001 0.577844 0.674932 0.579555 0.683399 0.579555 0.687330 0.580411 0.692470 0.580411 0.695494 0.578700 0.696704 0.572712 0.696402 0.563302 0.697309 0.559453 0.696704 0.553464 0.697309 0.548332 0.696704 0.539778 0.697611 0.536356 0.697309 0.520958 0.696704 0.518820 0.697309 0.514542 0.696402 0.473909 0.696704 0.450385 0.696402 0.441403
0 0.653462 0.216852 0.640762 0.215141 0.600242 0.216852 0.592682 0.214713 0.552162 0.217280 0.521318 0.217707 0.514061 0.215997 0.505594 0.219418 0.505897 0.230111 0.504082 0.239949 0.504989 0.250214 0.503477 0.262618 0.504082 0.275021 0.502873 0.289991 0.503780 0.295124 0.503175 0.313088 0.505292 0.322070 0.503477 0.332335 0.505897 0.340890 0.506199 0.372541 0.504687 0.376390 0.505897 0.381950 0.505292 0.390077 0.506199 0.394782 0.504082 0.400770 0.505897 0.404619 0.506199 0.420017 0.505292 0.424722 0.506199 0.428144 0.506199 0.449102 0.507711 0.452096 0.514061 0.454662 0.524947 0.453379 0.559419 0.453379 0.564258 0.455518 0.575144 0.451668 0.579679 0.453379 0.626852 0.452096 0.630178 0.453379 0.651346 0.453807 0.653765 0.452096 0.653765 0.406330 0.657091 0.396920 0.656789 0.321642 0.655277 0.311377 0.654369 0.287425 0.654672 0.222840
0 0.305413 0.284003 0.305715 0.366125 0.304808 0.372541 0.305715 0.383661 0.304203 0.390932 0.306622 0.399914 0.305715 0.412318 0.306925 0.447391 0.306018 0.511121 0.306925 0.513259 0.328092 0.512831 0.332930 0.509410 0.339583 0.508127 0.344119 0.510265 0.355307 0.508127 0.405201 0.509410 0.417901 0.506843 0.427578 0.508554 0.433626 0.505560 0.446628 0.507271 0.494708 0.505560 0.498034 0.503422 0.500151 0.477759 0.498639 0.445252 0.494406 0.440975 0.482613 0.443969 0.478077 0.442686 0.475960 0.440120 0.478379 0.429855 0.474751 0.415312 0.474146 0.400342 0.475053 0.391788 0.473843 0.380240 0.475355 0.371685 0.474751 0.363559 0.472936 0.360137 0.464167 0.360137 0.460538 0.355004 0.460538 0.342173 0.462353 0.337040 0.462655 0.324636 0.461143 0.317365 0.461445 0.287853 0.460236 0.284003 0.449047 0.282720 0.381010 0.283576 0.307227 0.282293