0 0.237001 0.472626 0.234281 0.475192 0.232164 0.482036 0.232164 0.485885 0.232467 0.486313 0.232164 0.494867 0.233071 0.502566 0.233071 0.511121 0.232467 0.516681 0.232769 0.550470 0.232467 0.550898 0.232164 0.577417 0.231862 0.577844 0.232164 0.584688 0.233978 0.589393 0.234885 0.590676 0.237304 0.591959 0.240024 0.591103 0.248186 0.591103 0.248489 0.590676 0.275393 0.591103 0.277207 0.589820 0.278416 0.588109 0.281137 0.579983 0.282950 0.576133 0.281439 0.571429 0.281439 0.567579 0.281137 0.567151 0.281137 0.563730 0.281439 0.563302 0.281439 0.554748 0.280834 0.548332 0.280834 0.532506 0.281439 0.525235 0.281439 0.521814 0.280834 0.517964 0.281137 0.513259 0.279323 0.509410 0.279021 0.505133 0.280834 0.499572 0.280834 0.493157 0.284462 0.484174 0.283857 0.482891 0.280532 0.480753 0.279021 0.478186 0.278114 0.474765 0.275695 0.473054 0.273277 0.473054 0.269649 0.474337 0.266626 0.474337 0.262394 0.473482
0 0.146010 0.172797 0.145103 0.181352 0.145103 0.194611 0.144196 0.202737 0.144498 0.213858 0.143894 0.218135 0.143894 0.272027 0.144498 0.275877 0.145707 0.278443 0.147823 0.278871 0.159008 0.277588 0.228839 0.278015 0.230351 0.276732 0.231560 0.273311 0.230955 0.247648 0.232467 0.235244 0.231862 0.211719 0.230351 0.199743 0.228235 0.195466 0.225514 0.195466 0.216143 0.191189 0.213422 0.192044 0.208283 0.191617 0.205562 0.189478 0.206167 0.183918 0.206771 0.182207 0.208585 0.180496 0.213724 0.180924 0.216143 0.183062 0.217352 0.183062 0.220073 0.180924 0.222189 0.184346 0.227932 0.188623 0.229444 0.188195 0.230955 0.184346 0.230653 0.172797 0.229444 0.170659 0.225212 0.170231 0.220979 0.171514 0.217654 0.170659 0.208888 0.170659 0.203748 0.172797 0.201632 0.171942 0.194377 0.172797 0.188634 0.171086 0.173519 0.171086 0.150544 0.169376 0.147521 0.170659
0 0.286276 0.172370 0.285973 0.174080 0.286276 0.174508 0.286276 0.191617 0.285973 0.192044 0.285973 0.195894 0.287485 0.201454 0.287183 0.205304 0.286880 0.205731 0.286880 0.209153 0.286578 0.209581 0.286578 0.224979 0.286880 0.225406 0.286880 0.229683 0.286578 0.230111 0.286578 0.236527 0.286276 0.236955 0.286276 0.242943 0.286578 0.243370 0.286578 0.248075 0.286880 0.248503 0.286880 0.252352 0.286578 0.252780 0.286880 0.253636 0.286880 0.261762 0.286578 0.262190 0.286578 0.267750 0.286880 0.269033 0.288089 0.270317 0.294740 0.270744 0.297158 0.271600 0.305018 0.271600 0.305320 0.271172 0.312878 0.271600 0.316203 0.270317 0.320738 0.270317 0.322551 0.271172 0.325272 0.271172 0.326481 0.270317 0.327993 0.266895 0.327993 0.263473 0.327388 0.261334 0.327388 0.249786 0.327086 0.249358 0.327086 0.245937 0.327388 0.245509 0.327388 0.239949 0.327086 0.239521 0.327086 0.235244 0.327388 0.234816 0.327388 0.205731 0.327086 0.205304 0.327086 0.174080 0.326481 0.171086 0.324970 0.169803 0.323156 0.169803 0.321040 0.171086 0.318017 0.171086 0.317715 0.170659 0.315599 0.170659 0.313482 0.169803 0.305925 0.169803 0.303809 0.170659 0.298065 0.170659 0.297763 0.170231 0.295949 0.170231 0.293531 0.169376 0.290508 0.169376
0 0.325047 0.331549 0.234928 0.328320 0.238921 0.175795 0.281698 0.170953 0.283410 0.277479 0.325047 0.279093
0 0.397484 0.331549 0.332462 0.328320 0.333602 0.171760 0.396914 0.173374
0 0.602781 0.240804 0.602177 0.262618 0.602177 0.303678 0.601572 0.307528 0.602177 0.310950 0.601874 0.324636 0.602781 0.328914 0.604293 0.331052 0.607013 0.331908 0.672310 0.331480 0.675030 0.332335 0.678053 0.331480 0.688029 0.331908 0.690145 0.330624 0.690750 0.328058 0.691052 0.283148 0.690750 0.266039 0.690145 0.260479 0.690145 0.242515 0.689238 0.239949 0.687424 0.238666 0.682588 0.239093 0.676542 0.238238 0.604897 0.238238 0.603688 0.239093
0 0.853212 0.459056 0.789330 0.458249 0.789900 0.384004 0.816708 0.380776 0.818419 0.341233 0.853212 0.338005
0 0.851501 0.331549 0.790471 0.329934 0.792182 0.209690 0.854923 0.212918
0 0.782346 0.381523 0.779021 0.379812 0.768742 0.379384 0.768440 0.379812 0.760883 0.379812 0.759371 0.380667 0.750302 0.381095 0.750000 0.381523 0.747279 0.381950 0.746977 0.382378 0.746372 0.382378 0.745768 0.383234 0.745163 0.385372 0.744861 0.392643 0.744559 0.393071 0.744559 0.403336 0.744861 0.403764 0.744861 0.406330 0.745163 0.406758 0.745163 0.413174 0.744861 0.413601 0.744861 0.420017 0.744559 0.420445 0.744559 0.426433 0.744861 0.426861 0.744861 0.434132 0.744559 0.434559 0.744559 0.437981 0.744861 0.438409 0.744861 0.441831 0.744559 0.442258 0.744559 0.457656 0.744861 0.458084 0.744861 0.458939 0.746070 0.460222 0.747279 0.460222 0.747582 0.460650 0.760580 0.460650 0.760883 0.461078 0.768138 0.461078 0.768440 0.460650 0.778718 0.460650 0.779021 0.460222 0.782648 0.460222 0.783857 0.458939 0.784160 0.456801 0.784462 0.456373 0.784462 0.448674 0.784160 0.448246 0.784160 0.433276 0.784462 0.432849 0.784462 0.426861 0.784160 0.426433 0.784160 0.408469 0.784462 0.408041 0.784462 0.403764 0.784160 0.403336 0.784160 0.398631 0.784462 0.398204 0.784462 0.391360 0.784160 0.390932 0.784160 0.384944 0.783555 0.382806
0 0.738567 0.459056 0.603959 0.459056 0.603959 0.344461 0.809293 0.341233 0.811575 0.371092 0.735715 0.371899
0 0.783555 0.275449 0.781741 0.273311 0.779021 0.272883 0.778718 0.272455 0.763906 0.272883 0.763603 0.272455 0.762394 0.272455 0.760580 0.270744 0.758767 0.269889 0.744861 0.270317 0.744559 0.270744 0.743349 0.270744 0.738210 0.273738 0.735792 0.273738 0.735490 0.273311 0.724909 0.273311 0.722793 0.274594 0.721282 0.277160 0.721282 0.278871 0.722189 0.282293 0.722189 0.310094 0.721886 0.310522 0.722189 0.320359 0.721886 0.320787 0.721886 0.326347 0.721282 0.328486 0.721282 0.330624 0.723096 0.332763 0.725212 0.333618 0.727630 0.333618 0.727932 0.334046 0.730048 0.334046 0.730351 0.333618 0.732164 0.333618 0.732467 0.333191 0.735490 0.333191 0.735792 0.333618 0.748791 0.333618 0.749093 0.333191 0.750605 0.333191 0.750907 0.333618 0.763301 0.333618 0.763603 0.333191 0.767231 0.333191 0.769347 0.334046 0.779323 0.334046 0.783555 0.331908 0.784160 0.331052 0.784764 0.328914 0.784462 0.299401 0.784160 0.298973 0.784160 0.290419 0.783857 0.289991 0.783857 0.286997 0.783555 0.286570 0.783555 0.284003 0.783253 0.283576 0.783555 0.283148 0.783555 0.280582 0.783857 0.280154 0.783857 0.276305
0 0.145405 0.287425 0.145103 0.396493 0.143289 0.418306 0.144498 0.423867 0.143894 0.455090 0.146010 0.460650 0.150544 0.458939 0.229746 0.458939 0.231862 0.454662 0.235498 0.457442 0.242913 0.458249 0.276565 0.455828 0.278276 0.459056 0.285369 0.455945 0.288996 0.464927 0.288089 0.577417 0.291112 0.580838 0.381499 0.579983 0.383918 0.547049 0.383011 0.517536 0.384522 0.405902 0.382709 0.358426 0.330713 0.358426 0.327086 0.355004 0.328900 0.342173 0.326784 0.339606 0.304111 0.341745 0.290508 0.339606 0.285973 0.342173 0.273881 0.339179 0.266626 0.348589 0.262394 0.348161 0.254534 0.340034 0.233978 0.340890 0.230048 0.333618 0.230351 0.299829 0.228537 0.288281 0.167775 0.286142
0 0.695586 0.171086 0.694982 0.172797 0.694377 0.179213 0.694377 0.187340 0.695284 0.194183 0.695284 0.198888 0.693773 0.207015 0.694377 0.211719 0.694075 0.223268 0.694377 0.229683 0.695284 0.234388 0.698609 0.241232 0.696796 0.245081 0.696191 0.248503 0.696191 0.253208 0.697400 0.264328 0.698609 0.266467 0.701028 0.267750 0.714329 0.267323 0.716445 0.266467 0.720375 0.267323 0.729746 0.267323 0.738513 0.266039 0.745163 0.268178 0.751209 0.267750 0.753023 0.268606 0.762092 0.268178 0.765719 0.265612 0.767533 0.265612 0.770556 0.267750 0.780532 0.267750 0.782346 0.267323 0.783253 0.266039 0.784160 0.256630 0.784160 0.216424 0.783555 0.203593 0.783857 0.187767 0.782648 0.174936 0.781439 0.172370 0.779323 0.171086 0.775695 0.172370 0.772975 0.172370 0.771161 0.171514 0.766626 0.172370 0.757860 0.170659 0.737001 0.170659 0.731862 0.171514 0.725212 0.170231 0.716143 0.170659 0.707376 0.170231 0.704353 0.169376 0.696796 0.169803