0 0.515271 0.372541 0.513759 0.372113 0.511340 0.372968 0.504385 0.373396 0.459933 0.373396 0.456607 0.372541 0.453281 0.373824 0.451769 0.375535 0.451164 0.377673 0.452071 0.386655 0.452071 0.417879 0.451164 0.423867 0.451164 0.431138 0.451769 0.434559 0.451467 0.456373 0.452071 0.468777 0.451769 0.476903 0.452374 0.480753 0.452071 0.489735 0.452979 0.495723 0.455095 0.499572 0.457212 0.500428 0.461143 0.498717 0.464469 0.498717 0.467493 0.499572 0.474146 0.499572 0.477472 0.500428 0.490475 0.500428 0.492894 0.501283 0.505897 0.500855 0.510432 0.502994 0.514061 0.502566 0.515271 0.501283 0.516178 0.499145 0.517387 0.492301 0.518597 0.464072 0.517992 0.379384 0.517387 0.375535
0 0.377684 0.298973 0.377079 0.300684 0.377079 0.368691 0.376474 0.391788 0.376777 0.412318 0.377381 0.414457 0.394315 0.414457 0.399153 0.412746 0.403387 0.412746 0.405806 0.414029 0.424554 0.414457 0.438161 0.411035 0.441185 0.408469 0.443604 0.408041 0.444814 0.404192 0.444814 0.395637 0.444209 0.389649 0.443604 0.387938 0.440278 0.387938 0.438766 0.385372 0.439069 0.381950 0.442697 0.377246 0.441488 0.372541 0.441185 0.341317 0.440278 0.335757 0.440278 0.330197 0.441488 0.323353 0.441185 0.302395 0.440581 0.300257 0.439976 0.299401 0.426368 0.298973 0.424554 0.298118 0.418809 0.298973 0.379498 0.298118
0 0.442093 0.201454 0.440581 0.200599 0.435440 0.201027 0.435138 0.201454 0.434533 0.201027 0.423344 0.201027 0.423042 0.201454 0.397641 0.201027 0.395525 0.201882 0.394315 0.203165 0.393106 0.207015 0.394315 0.212147 0.394315 0.216852 0.394013 0.217280 0.394315 0.220274 0.394315 0.242943 0.396129 0.250214 0.397037 0.252352 0.397339 0.255346 0.396734 0.257057 0.394920 0.258768 0.385243 0.258340 0.382220 0.260051 0.381615 0.262190 0.381615 0.265184 0.380708 0.268606 0.380708 0.274594 0.381312 0.277588 0.378288 0.281009 0.377381 0.284003 0.377079 0.289564 0.377381 0.291702 0.378591 0.294269 0.383429 0.294269 0.385546 0.295124 0.399456 0.294696 0.399758 0.295124 0.410039 0.295124 0.410342 0.295552 0.410644 0.295124 0.439976 0.295552 0.441488 0.294269 0.442395 0.290847 0.442395 0.286997 0.441790 0.284003 0.442093 0.277588 0.443302 0.272455 0.443302 0.270744 0.442093 0.266039 0.442697 0.262190 0.442697 0.224551 0.443000 0.224123 0.443000 0.212147 0.443604 0.205304 0.443000 0.202737
0 0.392501 0.203593 0.391594 0.202310 0.390989 0.202310 0.390686 0.201882 0.389174 0.201882 0.388872 0.202310 0.380708 0.202310 0.377381 0.204021 0.376474 0.204021 0.373450 0.206159 0.371938 0.204876 0.371334 0.204876 0.371031 0.204448 0.369217 0.204448 0.368914 0.204021 0.346840 0.203593 0.346538 0.204021 0.345328 0.204021 0.344723 0.204448 0.343514 0.206587 0.343514 0.208298 0.343816 0.208725 0.343816 0.210436 0.344119 0.210864 0.344119 0.215997 0.344421 0.216424 0.344421 0.247220 0.345328 0.248075 0.346538 0.248075 0.346840 0.248503 0.352283 0.248503 0.352585 0.248931 0.356214 0.248931 0.356517 0.249358 0.358331 0.249358 0.358633 0.248931 0.364076 0.248931 0.364379 0.248503 0.370426 0.248503 0.370729 0.248075 0.372241 0.247648 0.372845 0.246792 0.372845 0.241660 0.371938 0.238666 0.371636 0.235244 0.372241 0.233105 0.373148 0.231822 0.374357 0.231822 0.375265 0.233105 0.375869 0.234816 0.375869 0.239521 0.375567 0.239949 0.375567 0.242087 0.375265 0.242943 0.376474 0.246364 0.380708 0.248503 0.384034 0.248503 0.384336 0.248075 0.386151 0.248075 0.386453 0.247648 0.390384 0.247648 0.390686 0.247220 0.391291 0.247220 0.392501 0.245509 0.392501 0.244654 0.392803 0.244226 0.392803 0.240376 0.393106 0.239949 0.393106 0.220274 0.392803 0.219846 0.392803 0.204876 0.392501 0.204448
0 0.274871 0.204021 0.274267 0.205731 0.274267 0.214286 0.273662 0.217707 0.273964 0.231822 0.274267 0.232250 0.274267 0.240804 0.273964 0.241232 0.274267 0.255774 0.273964 0.256202 0.273964 0.272027 0.273057 0.276305 0.273057 0.279299 0.274267 0.286570 0.275476 0.288281 0.277895 0.289136 0.280315 0.289136 0.284246 0.288281 0.285757 0.287425 0.287874 0.287425 0.290293 0.288708 0.293922 0.287853 0.297853 0.287853 0.298155 0.288281 0.300272 0.288281 0.300575 0.287853 0.316601 0.287853 0.319323 0.286142 0.325975 0.286142 0.326278 0.285714 0.329302 0.285714 0.331721 0.286997 0.334442 0.286997 0.334744 0.286570 0.336861 0.286570 0.339280 0.284431 0.339885 0.283148 0.340792 0.278015 0.340490 0.270744 0.339885 0.266895 0.339885 0.254491 0.342304 0.246364 0.342304 0.238238 0.341699 0.234816 0.341699 0.230111 0.342607 0.225834 0.343211 0.213003 0.344119 0.209153 0.344723 0.208298 0.344723 0.207015 0.342909 0.204448 0.340792 0.203165 0.337164 0.203165 0.336861 0.202737 0.324766 0.203165 0.321137 0.202310 0.316299 0.202310 0.312972 0.203165 0.299365 0.203165 0.295132 0.201882 0.289386 0.201882 0.289084 0.202310 0.283943 0.202310 0.283641 0.202737 0.280617 0.201882 0.277291 0.201882 0.275779 0.202737
0 0.337466 0.290847 0.312972 0.290419 0.282734 0.291275 0.274871 0.292130 0.272452 0.294269 0.272150 0.313516 0.274267 0.316938 0.278500 0.316082 0.279710 0.317365 0.278198 0.318648 0.274871 0.317793 0.272755 0.319504 0.271545 0.321215 0.270940 0.323353 0.272150 0.338751 0.272150 0.390932 0.272755 0.394782 0.272150 0.401625 0.272150 0.410180 0.272755 0.413601 0.274267 0.416168 0.278803 0.416168 0.283338 0.412746 0.286060 0.414029 0.299063 0.414029 0.302691 0.415312 0.312670 0.415312 0.314484 0.414457 0.316299 0.412318 0.328092 0.413174 0.331721 0.415312 0.336256 0.415312 0.337768 0.414029 0.338373 0.412746 0.338373 0.406758 0.337768 0.399487 0.336559 0.395210 0.339885 0.389649 0.341095 0.384089 0.340490 0.365697 0.339280 0.360137 0.339280 0.296407 0.338978 0.293841
0 0.273662 0.419162 0.272755 0.420445 0.271848 0.423439 0.271545 0.441831 0.272452 0.446108 0.272150 0.454662 0.272755 0.457228 0.272452 0.472626 0.271848 0.476903 0.273964 0.482891 0.271848 0.489307 0.271243 0.493157 0.271545 0.501711 0.272150 0.505560 0.271848 0.520103 0.272755 0.524380 0.272755 0.530796 0.273360 0.535073 0.275174 0.536356 0.312065 0.536356 0.315089 0.537211 0.322347 0.537211 0.327487 0.535928 0.330209 0.534217 0.333233 0.531223 0.335652 0.529940 0.336861 0.528229 0.338071 0.524808 0.338373 0.517964 0.339885 0.512404 0.339583 0.494012 0.340187 0.489307 0.339885 0.470060 0.340490 0.466638 0.340490 0.449102 0.340187 0.444397 0.339280 0.440975 0.336559 0.437981 0.331721 0.437981 0.328092 0.438837 0.325068 0.436698 0.323858 0.437126 0.321439 0.440547 0.319323 0.440975 0.315996 0.436698 0.315694 0.434559 0.316299 0.431565 0.316299 0.423011 0.315392 0.420017 0.313577 0.418306 0.305715 0.417879 0.302389 0.418734 0.295434 0.417879 0.292108 0.418306 0.287572 0.421300 0.283036 0.419162 0.278803 0.418306
0 0.272755 0.541061 0.272755 0.544910 0.273057 0.545338 0.273057 0.549615 0.272755 0.550043 0.272755 0.556886 0.272452 0.557314 0.272452 0.559025 0.272755 0.559453 0.272755 0.562874 0.273057 0.563302 0.273057 0.565441 0.272755 0.565868 0.272755 0.568862 0.272452 0.569290 0.272452 0.573995 0.272755 0.574423 0.272755 0.575706 0.273057 0.576561 0.273360 0.576561 0.273964 0.577417 0.274569 0.577417 0.274871 0.577844 0.277291 0.577844 0.277593 0.578272 0.280315 0.578272 0.280617 0.577844 0.294224 0.577844 0.294527 0.578272 0.295736 0.578272 0.296039 0.577844 0.297551 0.577844 0.297853 0.577417 0.303296 0.577417 0.303598 0.577844 0.306320 0.577844 0.306622 0.578272 0.313577 0.578272 0.313880 0.577844 0.315996 0.577844 0.316299 0.577417 0.316904 0.577417 0.318415 0.575706 0.318718 0.574850 0.318718 0.567579 0.318415 0.567151 0.318415 0.560308 0.318718 0.559880 0.318718 0.549187 0.318415 0.548760 0.318415 0.542344 0.317811 0.541061 0.316601 0.540205 0.315996 0.540205 0.315694 0.539778 0.313275 0.539778 0.312972 0.539350 0.310856 0.539350 0.310553 0.539778 0.308739 0.539778 0.308437 0.540205 0.307227 0.540205 0.306925 0.540633 0.304506 0.540633 0.304203 0.541061 0.302086 0.541061 0.301784 0.540633 0.297551 0.540633 0.297248 0.540205 0.295132 0.540205 0.294829 0.539778 0.292712 0.539778 0.292410 0.539350 0.288479 0.539350 0.288177 0.539778 0.283943 0.539778 0.283641 0.539350 0.274871 0.539350 0.274569 0.539778 0.273662 0.539778
0 0.377684 0.500428 0.376172 0.517536 0.376777 0.531651 0.375869 0.540205 0.376474 0.629598 0.378591 0.640719 0.377381 0.646279 0.376474 0.679641 0.377079 0.701454 0.380405 0.704021 0.390082 0.704876 0.423647 0.702737 0.458422 0.704021 0.465074 0.702737 0.485334 0.703165 0.494406 0.704448 0.497732 0.706587 0.502570 0.706587 0.514363 0.711719 0.519202 0.711292 0.520109 0.701882 0.519806 0.602224 0.518899 0.589820 0.519504 0.546621 0.518295 0.517109 0.515573 0.505988 0.511037 0.502566 0.472331 0.502566 0.459631 0.501283 0.448443 0.502566 0.444512 0.500428 0.439069 0.501283 0.435742 0.500000 0.413366 0.499572
0 0.445721 0.423614 0.444622 0.498270 0.370399 0.499047 0.345658 0.500603 0.343459 0.257193 0.369299 0.254083 0.373148 0.417392
0 0.372598 0.632028 0.272535 0.635139 0.269236 0.583035 0.315969 0.580702 0.316519 0.599366 0.327515 0.597033 0.324766 0.546485 0.348407 0.513823 0.371498 0.510712