0 0.356517 0.341317 0.349864 0.366980 0.349562 0.373396 0.347445 0.383661 0.344421 0.389649 0.342607 0.405902 0.341095 0.408041 0.339280 0.418734 0.336256 0.425577 0.333837 0.440547 0.332023 0.446108 0.333233 0.453807 0.328092 0.464927 0.329302 0.469632 0.333233 0.472198 0.336861 0.472198 0.338373 0.467066 0.343211 0.464927 0.341095 0.459367 0.342002 0.457656 0.345933 0.455945 0.352585 0.455518 0.356517 0.458512 0.373450 0.465355 0.378591 0.464072 0.383429 0.466638 0.385546 0.464500 0.390686 0.464500 0.390989 0.467066 0.385243 0.468777 0.386151 0.470915 0.390082 0.473482 0.395827 0.473909 0.399456 0.476048 0.400968 0.475192 0.401270 0.472198 0.402782 0.471771 0.403689 0.475192 0.406108 0.477331 0.411551 0.475620 0.412761 0.478186 0.412156 0.481181 0.414575 0.484174 0.420018 0.485458 0.423949 0.480753 0.425461 0.482891 0.426066 0.486741 0.427578 0.488452 0.433021 0.489307 0.444209 0.494867 0.448745 0.495295 0.460538 0.501283 0.466586 0.502139 0.472634 0.506416 0.477472 0.506416 0.481403 0.511121 0.490475 0.512404 0.498034 0.503849 0.499849 0.488452 0.498942 0.473054 0.499546 0.450385 0.498639 0.413601 0.495918 0.404619 0.485939 0.395637 0.482008 0.395637 0.478379 0.392643 0.458724 0.386655 0.452979 0.383234 0.448443 0.382806 0.441185 0.378529 0.431811 0.375107 0.427275 0.371257 0.415785 0.367408 0.403689 0.360137 0.397641 0.359281 0.393710 0.355860 0.382522 0.350727 0.377684 0.346450 0.373753 0.346022 0.365588 0.341745 0.360750 0.341745 0.358331 0.340462
0 0.385848 0.263901 0.385546 0.267323 0.386151 0.268178 0.390989 0.266467 0.393710 0.268606 0.394617 0.270317 0.395222 0.276305 0.392803 0.282293 0.391896 0.289564 0.389477 0.295552 0.389477 0.299829 0.388267 0.304106 0.387058 0.313944 0.383127 0.318648 0.381615 0.322070 0.379800 0.318648 0.372543 0.315227 0.369822 0.312233 0.366495 0.313088 0.363774 0.319076 0.361959 0.321215 0.359843 0.330197 0.359843 0.333191 0.361052 0.335757 0.367100 0.339606 0.369519 0.342173 0.377079 0.345595 0.381010 0.349444 0.385546 0.350299 0.392803 0.352866 0.397944 0.355860 0.401875 0.356715 0.406713 0.360137 0.415785 0.363559 0.423042 0.367836 0.426973 0.368691 0.439371 0.375535 0.448443 0.379384 0.452676 0.380240 0.461748 0.386655 0.468400 0.388794 0.472634 0.391788 0.481403 0.393499 0.489568 0.398631 0.494103 0.399059 0.497127 0.396493 0.498034 0.372541 0.496825 0.335757 0.497127 0.311377 0.493801 0.304534 0.482310 0.300257 0.475355 0.300684 0.469308 0.297690 0.465074 0.297263 0.461748 0.292985 0.457514 0.291702 0.443604 0.284431 0.440278 0.284003 0.436347 0.281437 0.431207 0.280582 0.422135 0.275449 0.415785 0.273311 0.411854 0.269889 0.394013 0.264756 0.390082 0.266039 0.386755 0.263045
0 0.542788 0.401198 0.539159 0.404619 0.536135 0.404192 0.530995 0.401625 0.528273 0.405902 0.528576 0.414457 0.527064 0.420017 0.525249 0.422583 0.518295 0.425577 0.506501 0.425577 0.504989 0.426433 0.502873 0.430282 0.501663 0.452096 0.502873 0.458084 0.502570 0.470915 0.501663 0.474765 0.501361 0.490163 0.501663 0.502139 0.502873 0.509838 0.502873 0.537211 0.502268 0.543627 0.503175 0.561591 0.502570 0.579555 0.503175 0.606929 0.506199 0.616767 0.509223 0.612917 0.510735 0.612917 0.512549 0.616767 0.512247 0.618905 0.510735 0.621044 0.508013 0.620188 0.506501 0.617622 0.505292 0.619760 0.504082 0.624038 0.504082 0.629598 0.505292 0.632592 0.506804 0.633447 0.514363 0.632164 0.529785 0.633875 0.534019 0.633020 0.543998 0.633447 0.547021 0.631309 0.548231 0.627459 0.548231 0.610778 0.549138 0.606501 0.548533 0.565441 0.549138 0.549615 0.548231 0.524808 0.549743 0.519247 0.549441 0.511548 0.550348 0.501283 0.550045 0.476048 0.549441 0.472626 0.550045 0.453379 0.548231 0.446108 0.550650 0.428144 0.547626 0.413601 0.548231 0.405047 0.547021 0.402481
0 0.573027 0.347305 0.571817 0.349872 0.571817 0.372113 0.570305 0.378529 0.570305 0.383234 0.571515 0.390932 0.571515 0.395637 0.570305 0.403764 0.570305 0.412318 0.567886 0.414885 0.566072 0.414029 0.564862 0.412318 0.563955 0.405475 0.562443 0.403336 0.560024 0.402908 0.557907 0.405475 0.557605 0.414457 0.553372 0.422583 0.552162 0.431565 0.551557 0.441831 0.552464 0.448674 0.553372 0.451668 0.555791 0.454234 0.558512 0.453379 0.609314 0.453807 0.611430 0.455518 0.611733 0.458512 0.611128 0.460650 0.609011 0.463216 0.606290 0.461933 0.604475 0.462789 0.602056 0.466210 0.602963 0.468349 0.604475 0.469204 0.612640 0.470488 0.617176 0.470488 0.620502 0.471343 0.625643 0.470915 0.626852 0.469204 0.627759 0.465783 0.627759 0.445680 0.628364 0.441831 0.628062 0.372968 0.627155 0.366980 0.626247 0.365269 0.623828 0.363986 0.618385 0.362275 0.605383 0.355860 0.591170 0.351155 0.589356 0.349872 0.581494 0.348161 0.577260 0.346022 0.575144 0.346022
0 0.553069 0.477331 0.552162 0.482464 0.552464 0.487169 0.552162 0.502139 0.552767 0.505560 0.552162 0.520103 0.552464 0.520530 0.552464 0.543199 0.553069 0.545338 0.552767 0.560736 0.553976 0.564585 0.555791 0.565868 0.561839 0.565868 0.563350 0.565013 0.570305 0.565441 0.570608 0.565013 0.590565 0.565013 0.590868 0.564585 0.622921 0.565013 0.626550 0.563730 0.628062 0.562447 0.628969 0.559880 0.628969 0.551754 0.628062 0.548760 0.628062 0.545338 0.628969 0.539778 0.629574 0.538067 0.630783 0.536784 0.632900 0.538067 0.634412 0.538067 0.635621 0.535928 0.635621 0.532506 0.635017 0.529940 0.635319 0.517964 0.634714 0.514542 0.633807 0.513259 0.626852 0.511976 0.625643 0.510265 0.625340 0.505560 0.625945 0.501283 0.626247 0.479897 0.625340 0.476903 0.622619 0.475620 0.620200 0.476048 0.582401 0.475620 0.580587 0.476476 0.571515 0.476476 0.562443 0.475192 0.555488 0.475192
0 0.553674 0.569290 0.553069 0.571429 0.552767 0.577417 0.553069 0.600941 0.552162 0.605646 0.552464 0.609495 0.552162 0.621044 0.552464 0.624893 0.553674 0.628743 0.553069 0.635586 0.553976 0.642002 0.553069 0.649273 0.553069 0.653978 0.555186 0.659110 0.557000 0.659966 0.561839 0.659110 0.563350 0.658255 0.567584 0.658683 0.571817 0.656972 0.585425 0.659110 0.597520 0.659110 0.604778 0.657827 0.625643 0.658255 0.626550 0.657827 0.629271 0.653978 0.629574 0.647990 0.628666 0.641574 0.628364 0.609068 0.626247 0.603935 0.625945 0.601796 0.626247 0.591531 0.625643 0.588109 0.625945 0.576133 0.626852 0.572712 0.626852 0.570573 0.625945 0.569290 0.622921 0.568007 0.620804 0.568007 0.618990 0.568862 0.616873 0.568862 0.615059 0.568007 0.611733 0.568007 0.609011 0.568862 0.608709 0.568435 0.591170 0.568862 0.586332 0.568007 0.580284 0.568862 0.570910 0.568862 0.570608 0.568435 0.564258 0.568435 0.556396 0.566724 0.555186 0.567151
0 0.553372 0.660393 0.552767 0.662104 0.552767 0.663815 0.552464 0.664243 0.552464 0.666809 0.552767 0.667237 0.552767 0.672370 0.552464 0.672797 0.552464 0.679641 0.552162 0.680068 0.552162 0.692900 0.552464 0.693328 0.552464 0.698460 0.552767 0.698888 0.552767 0.701026 0.552464 0.701454 0.552464 0.711719 0.553674 0.715997 0.555488 0.719846 0.556093 0.720274 0.560327 0.720274 0.560629 0.719846 0.561536 0.719846 0.562443 0.718991 0.564862 0.718135 0.565165 0.718563 0.567584 0.718991 0.567886 0.719418 0.568491 0.719418 0.570608 0.720701 0.571515 0.720701 0.571817 0.721129 0.572725 0.721129 0.573027 0.720701 0.576051 0.719846 0.579679 0.722412 0.582099 0.722412 0.583611 0.721557 0.586332 0.721557 0.586634 0.721985 0.588146 0.721985 0.588449 0.722412 0.589658 0.722412 0.589961 0.721985 0.598125 0.721985 0.599940 0.719846 0.600544 0.718135 0.600544 0.713003 0.600242 0.712575 0.600242 0.699743 0.599940 0.699316 0.599940 0.686484 0.599637 0.686056 0.599637 0.665954 0.599940 0.665098 0.599637 0.664671 0.599637 0.662532 0.598730 0.660393 0.597218 0.659538 0.591170 0.659538 0.590868 0.659110 0.575144 0.659110 0.574841 0.658683 0.565165 0.659110 0.564862 0.658683 0.558815 0.658683 0.558512 0.658255 0.555186 0.658255
0 0.602661 0.659966 0.602056 0.660821 0.601754 0.661677 0.601754 0.662532 0.601451 0.662960 0.601451 0.667237 0.601754 0.667665 0.601754 0.677074 0.601451 0.677502 0.601451 0.681779 0.601149 0.682207 0.601149 0.689050 0.601451 0.689478 0.601451 0.718135 0.602359 0.720701 0.604778 0.722412 0.608104 0.722412 0.608406 0.721985 0.609616 0.721985 0.609918 0.722412 0.612035 0.722412 0.612337 0.722840 0.619595 0.722840 0.619897 0.722412 0.622921 0.722412 0.623223 0.721985 0.624735 0.721985 0.625038 0.721557 0.625945 0.721557 0.626550 0.721129 0.627457 0.719846 0.627759 0.718991 0.627759 0.716852 0.628062 0.716424 0.628062 0.678358 0.627759 0.677930 0.627759 0.663387 0.627457 0.662960 0.627155 0.660821 0.625945 0.659538 0.623828 0.659538 0.623526 0.659110 0.619897 0.659110 0.619595 0.659538 0.610826 0.659538 0.610523 0.659110 0.605080 0.659110 0.604778 0.659538 0.603266 0.659538
0 0.566979 0.185201 0.565770 0.186912 0.564862 0.190761 0.563048 0.195038 0.561234 0.204448 0.560024 0.207442 0.558815 0.212575 0.558210 0.218563 0.557303 0.221129 0.556698 0.224979 0.554279 0.230967 0.552464 0.244226 0.550650 0.248503 0.552162 0.254919 0.553976 0.255774 0.560327 0.256202 0.566979 0.258340 0.568793 0.259624 0.570305 0.261762 0.571213 0.266039 0.572120 0.267750 0.576958 0.270744 0.589961 0.276732 0.593589 0.277588 0.599335 0.281437 0.605080 0.282720 0.609011 0.282720 0.612035 0.281437 0.615361 0.281437 0.618990 0.283148 0.621409 0.286142 0.626550 0.286997 0.629574 0.288708 0.632295 0.287853 0.633505 0.286142 0.634109 0.283576 0.632900 0.274166 0.632900 0.258768 0.633505 0.254919 0.633202 0.224551 0.633807 0.219418 0.632900 0.215141 0.631388 0.213430 0.626852 0.213003 0.621409 0.208298 0.615664 0.205731 0.613245 0.205304 0.609314 0.202737 0.607197 0.202310 0.603568 0.200171 0.594799 0.196749 0.590868 0.194611 0.588449 0.194183 0.584518 0.191617 0.573329 0.187340 0.569096 0.184773
0 0.547021 0.635158 0.546114 0.635158 0.545812 0.634731 0.543090 0.634731 0.542788 0.634303 0.542486 0.634731 0.533112 0.634731 0.532809 0.634303 0.529785 0.634303 0.529483 0.634731 0.527669 0.634731 0.527366 0.635158 0.525854 0.635158 0.525552 0.635586 0.524040 0.635586 0.523737 0.636014 0.506199 0.636014 0.505292 0.636441 0.503780 0.638580 0.503175 0.640719 0.503175 0.647134 0.503477 0.647562 0.503477 0.665954 0.503175 0.666382 0.503175 0.671514 0.503477 0.671942 0.503477 0.675364 0.503780 0.675791 0.503780 0.678358 0.503477 0.678785 0.503477 0.684346 0.503780 0.684773 0.503477 0.695894 0.503780 0.696322 0.503780 0.698888 0.504082 0.699316 0.504385 0.703165 0.505594 0.706587 0.506501 0.706587 0.506804 0.707015 0.507106 0.706587 0.510432 0.706159 0.515271 0.709581 0.518295 0.710009 0.518597 0.710436 0.520411 0.710436 0.521923 0.711292 0.525249 0.711292 0.525552 0.710864 0.527366 0.710864 0.527669 0.710436 0.531297 0.710009 0.531600 0.709581 0.531902 0.710009 0.535228 0.710009 0.535531 0.710436 0.537345 0.710436 0.538555 0.711292 0.539764 0.711292 0.542183 0.710009 0.547324 0.709581 0.548533 0.708725 0.549441 0.707442 0.550045 0.705304 0.550045 0.702737 0.549743 0.702310 0.549743 0.695466 0.550045 0.695038 0.550045 0.668520 0.549138 0.664671 0.549138 0.656544 0.548836 0.656116 0.548836 0.650556 0.548533 0.650128 0.548533 0.639863 0.548231 0.639435 0.547929 0.636869
0 0.502873 0.313088 0.501663 0.314371 0.500756 0.316938 0.499849 0.335329 0.501361 0.346022 0.500756 0.374252 0.501058 0.384517 0.500454 0.388366 0.501058 0.400770 0.500756 0.412746 0.501663 0.418734 0.502570 0.421300 0.505594 0.423867 0.509828 0.423867 0.513759 0.421728 0.516783 0.422583 0.520411 0.422583 0.522830 0.421300 0.524040 0.419589 0.524947 0.414457 0.524645 0.399487 0.525854 0.394782 0.525854 0.388794 0.523737 0.372113 0.524947 0.369547 0.527064 0.367836 0.537647 0.368263 0.542788 0.367408 0.544602 0.369119 0.546114 0.378529 0.544300 0.383661 0.544300 0.388794 0.543090 0.393071 0.542183 0.394354 0.542183 0.396493 0.543090 0.397776 0.543998 0.401198 0.544602 0.406330 0.547324 0.410607 0.547929 0.410607 0.549138 0.408041 0.549138 0.390932 0.547929 0.376818 0.549138 0.372968 0.548836 0.363986 0.549441 0.361848 0.549441 0.333618 0.548231 0.331480 0.544905 0.329341 0.543090 0.328914 0.539764 0.326775 0.535228 0.325920 0.530692 0.322926 0.524342 0.321215 0.517992 0.316938 0.511037 0.314799 0.507106 0.312660