0 0.256426 0.238666 0.240097 0.238666 0.237980 0.239521 0.223768 0.238666 0.221651 0.239521 0.211067 0.239521 0.208951 0.238666 0.200484 0.238666 0.198367 0.239093 0.196855 0.240376 0.196250 0.243370 0.196250 0.248503 0.195343 0.252780 0.195041 0.263901 0.195646 0.289564 0.194134 0.293413 0.192319 0.301967 0.192622 0.314371 0.192017 0.347733 0.192319 0.361420 0.195041 0.368691 0.195646 0.376390 0.196855 0.378956 0.203205 0.381095 0.205020 0.381095 0.207741 0.379812 0.211672 0.379812 0.218930 0.381523 0.229513 0.381950 0.231630 0.381095 0.243121 0.381523 0.245540 0.382378 0.248261 0.381095 0.254309 0.381950 0.260054 0.377246 0.258845 0.370402 0.259147 0.358426 0.258240 0.355004 0.258845 0.346450 0.258240 0.343884 0.257938 0.254063 0.258542 0.248503 0.257333 0.240376
0 0.287572 0.605646 0.287269 0.607784 0.286362 0.609923 0.286362 0.611206 0.286060 0.611634 0.286060 0.613345 0.285757 0.613772 0.285757 0.615483 0.285455 0.615911 0.285455 0.619760 0.285153 0.620188 0.285153 0.628743 0.284850 0.629170 0.284850 0.643285 0.284548 0.643713 0.284548 0.645423 0.284246 0.645851 0.284246 0.646707 0.284548 0.647562 0.285757 0.649273 0.286362 0.649701 0.287269 0.649701 0.287572 0.650128 0.299970 0.650128 0.300272 0.650556 0.303296 0.650556 0.303598 0.650984 0.309344 0.650984 0.309646 0.651411 0.312972 0.651411 0.313275 0.651839 0.315089 0.651839 0.315392 0.652267 0.317206 0.652267 0.317508 0.651839 0.319323 0.651839 0.320532 0.648845 0.320532 0.644140 0.320230 0.643713 0.320230 0.642002 0.319927 0.641574 0.319927 0.639008 0.320230 0.638580 0.320230 0.632592 0.319927 0.632164 0.319927 0.629598 0.319625 0.629170 0.319927 0.628315 0.319927 0.625321 0.320230 0.624893 0.320230 0.621044 0.319927 0.620616 0.319927 0.613772 0.320230 0.612917 0.319625 0.612062 0.314182 0.612062 0.313880 0.611634 0.310251 0.611634 0.309949 0.612062 0.306018 0.612062 0.305715 0.612489 0.305110 0.612489 0.303296 0.613772 0.302691 0.613772 0.302389 0.614200 0.301482 0.614200 0.301179 0.614628 0.297248 0.614628 0.296946 0.614200 0.294224 0.614200 0.293922 0.614628 0.293015 0.614628 0.291805 0.615483 0.290293 0.615483 0.288479 0.612917 0.288177 0.612062 0.288177 0.610778 0.287874 0.610351 0.287874 0.607357 0.287572 0.606929
0 0.261566 0.615056 0.260357 0.621044 0.260357 0.630453 0.259450 0.634303 0.259450 0.637725 0.259752 0.638152 0.259752 0.645851 0.259450 0.646279 0.259752 0.647562 0.259752 0.667237 0.259450 0.667665 0.259752 0.677930 0.259147 0.682635 0.260054 0.687767 0.259450 0.690761 0.259147 0.709153 0.259752 0.712575 0.261264 0.714286 0.273662 0.714286 0.277895 0.713003 0.283338 0.712575 0.284548 0.716852 0.286362 0.718135 0.289386 0.718991 0.294829 0.718991 0.295132 0.718563 0.307529 0.718991 0.308134 0.718563 0.308437 0.718991 0.312065 0.718991 0.315089 0.720274 0.316299 0.720274 0.318415 0.718991 0.319625 0.716852 0.319625 0.711719 0.319020 0.707870 0.319020 0.696749 0.318718 0.696322 0.318718 0.686912 0.319625 0.677502 0.319323 0.672797 0.318718 0.670231 0.319323 0.666382 0.319323 0.659110 0.318415 0.655689 0.317508 0.654405 0.315392 0.653122 0.312065 0.653122 0.309646 0.652267 0.294527 0.652695 0.292712 0.651839 0.290293 0.651839 0.287874 0.653122 0.284548 0.653122 0.282734 0.652267 0.280919 0.648417 0.280919 0.644568 0.281524 0.641574 0.281524 0.633020 0.280617 0.627032 0.280315 0.618477 0.279710 0.616339 0.278803 0.615056 0.273360 0.615056 0.268824 0.613772 0.262776 0.613772
0 0.347445 0.579983 0.346235 0.582121 0.345328 0.586399 0.345933 0.592387 0.345328 0.601796 0.345933 0.606501 0.345026 0.611206 0.341397 0.615056 0.339280 0.623610 0.336559 0.629170 0.335047 0.634731 0.332930 0.637725 0.324766 0.638580 0.324161 0.640719 0.323254 0.652267 0.321137 0.661249 0.321742 0.668520 0.321439 0.675791 0.324766 0.682207 0.324463 0.685629 0.322649 0.692044 0.322951 0.717280 0.325068 0.718991 0.329302 0.718991 0.335652 0.720701 0.339583 0.719846 0.360448 0.719846 0.364983 0.720701 0.407318 0.720274 0.414273 0.721557 0.417599 0.720701 0.419413 0.717280 0.419413 0.707442 0.420321 0.698888 0.418506 0.693755 0.418506 0.689906 0.419413 0.686912 0.422135 0.683062 0.422437 0.676647 0.421833 0.671942 0.421833 0.650984 0.421228 0.643285 0.421833 0.610778 0.421228 0.606501 0.417901 0.599658 0.417901 0.586399 0.416692 0.582977 0.412458 0.579983 0.408225 0.579127 0.389174 0.579127 0.384034 0.579983 0.377684 0.578700 0.366193 0.579127 0.356517 0.578272 0.354097 0.579555
0 0.696099 0.481608 0.689749 0.479897 0.685213 0.481181 0.671606 0.480325 0.668582 0.482464 0.668582 0.484602 0.670699 0.487169 0.670699 0.488452 0.669187 0.489307 0.666465 0.489307 0.662836 0.486741 0.665256 0.484174 0.665256 0.482891 0.662836 0.481608 0.646205 0.482036 0.643181 0.480753 0.630178 0.482036 0.627155 0.480753 0.615059 0.482036 0.601149 0.481181 0.596311 0.482464 0.592380 0.480753 0.589961 0.482464 0.589054 0.497006 0.590263 0.503422 0.589054 0.522241 0.589356 0.535928 0.590263 0.539350 0.592077 0.542344 0.590868 0.547049 0.592682 0.548760 0.593287 0.551754 0.592682 0.556886 0.590868 0.559880 0.589658 0.564585 0.589961 0.593670 0.593589 0.599658 0.592985 0.606501 0.594799 0.610778 0.596613 0.613345 0.598730 0.614200 0.606592 0.614200 0.614152 0.611634 0.621712 0.613345 0.628969 0.612489 0.638645 0.613345 0.645600 0.612489 0.658905 0.612917 0.675234 0.611206 0.687632 0.613345 0.695797 0.612489 0.696099 0.609923 0.693680 0.605646 0.694587 0.600513 0.693075 0.597947 0.686725 0.597519 0.684306 0.598802 0.680375 0.594525 0.680375 0.591531 0.684608 0.582121 0.692773 0.582977 0.693982 0.580838 0.694285 0.577844 0.697309 0.572712 0.697611 0.567579 0.696099 0.556886 0.697006 0.549615 0.698216 0.493584 0.696704 0.488024 0.696704 0.482891
0 0.717871 0.645423 0.716359 0.643713 0.711521 0.643713 0.709707 0.640719 0.705171 0.636869 0.701542 0.630026 0.699425 0.622327 0.696704 0.615483 0.695192 0.613772 0.678258 0.613345 0.605987 0.615483 0.596916 0.614628 0.593892 0.618050 0.591473 0.623182 0.592682 0.628743 0.592077 0.633020 0.592380 0.648417 0.593892 0.657399 0.594194 0.671942 0.592985 0.675791 0.592682 0.687767 0.593287 0.697605 0.591170 0.708725 0.591170 0.712147 0.595101 0.718991 0.600544 0.720274 0.643786 0.719846 0.646205 0.720701 0.654672 0.720274 0.664651 0.721129 0.697309 0.720274 0.700333 0.721129 0.708799 0.718135 0.717569 0.718563 0.718778 0.715997 0.718778 0.704448 0.717871 0.696322 0.718174 0.678785 0.717266 0.670659 0.717569 0.660393 0.718778 0.653122
0 0.722407 0.614628 0.721197 0.616767 0.721500 0.621044 0.721197 0.650128 0.721802 0.659538 0.721500 0.671514 0.722105 0.683918 0.721500 0.716424 0.722105 0.718135 0.724826 0.719846 0.745993 0.720701 0.752646 0.720274 0.775627 0.720701 0.780163 0.718991 0.781675 0.716424 0.780466 0.693328 0.780768 0.692472 0.780466 0.657399 0.781070 0.650556 0.780768 0.642857 0.781070 0.634303 0.780163 0.629598 0.780466 0.620188 0.779861 0.617622 0.778954 0.616339 0.773511 0.615483 0.770184 0.615483 0.768068 0.616767 0.766556 0.623182 0.764137 0.627887 0.762020 0.635158 0.754460 0.641146 0.749622 0.642002 0.748110 0.640291 0.747203 0.616767 0.745993 0.614200 0.743574 0.613345 0.736619 0.613772 0.724826 0.613345
0 0.885092 0.639008 0.883278 0.636869 0.877532 0.636441 0.875113 0.637725 0.863623 0.637725 0.861808 0.636869 0.860901 0.635158 0.860901 0.633020 0.861808 0.630026 0.861506 0.621899 0.862111 0.616339 0.860901 0.614200 0.858482 0.612917 0.834291 0.614200 0.823102 0.614200 0.819776 0.613345 0.816148 0.615483 0.814636 0.619333 0.813728 0.624465 0.811914 0.630026 0.804354 0.639435 0.803145 0.640291 0.797399 0.640291 0.791654 0.642429 0.788025 0.640291 0.787723 0.640719 0.785909 0.664243 0.785909 0.713858 0.786816 0.718135 0.788025 0.718991 0.791956 0.718991 0.794376 0.719846 0.826731 0.720701 0.883580 0.719846 0.886604 0.718135 0.887209 0.716852 0.885999 0.712147 0.885999 0.682207 0.886604 0.678785 0.886604 0.671086 0.885999 0.665098 0.885697 0.641574
0 0.813536 0.495159 0.812986 0.565149 0.852572 0.568260 0.855870 0.607921 0.864667 0.611031 0.867966 0.628917 0.882811 0.629695 0.882811 0.493604
0 0.703054 0.493584 0.701542 0.495723 0.700937 0.497861 0.700635 0.502139 0.700333 0.502566 0.700333 0.505988 0.700030 0.506416 0.699425 0.512831 0.699123 0.513259 0.699123 0.515826 0.698821 0.516253 0.698821 0.539350 0.698518 0.539778 0.698518 0.544482 0.698821 0.544910 0.698821 0.549615 0.699425 0.552609 0.699425 0.566724 0.699728 0.567151 0.700030 0.571429 0.700635 0.573139 0.701240 0.573995 0.705171 0.573995 0.707892 0.572284 0.708799 0.571001 0.708799 0.567579 0.708195 0.565441 0.707288 0.564157 0.705473 0.562874 0.703961 0.560308 0.703659 0.558597 0.703961 0.557314 0.704868 0.556031 0.708799 0.556031 0.713033 0.557314 0.714243 0.559025 0.716662 0.564157 0.716964 0.565868 0.716057 0.570573 0.716964 0.572712 0.721802 0.572284 0.725733 0.573567 0.729967 0.571856 0.735107 0.571856 0.735410 0.572284 0.742062 0.573139 0.744481 0.571856 0.745691 0.569718 0.745691 0.562874 0.746296 0.559453 0.745993 0.544055 0.745691 0.543627 0.745691 0.540205 0.746296 0.537211 0.745993 0.519675 0.745691 0.519247 0.745993 0.507699 0.745691 0.507271 0.745691 0.503849 0.745086 0.500428 0.745086 0.495295 0.743574 0.492729 0.741760 0.491873 0.733595 0.492729 0.733293 0.493157 0.720895 0.492729 0.720593 0.492301 0.717569 0.492301 0.717266 0.491873 0.716057 0.491873 0.715755 0.492301 0.707288 0.491873 0.706985 0.492301 0.704264 0.492729
0 0.360145 0.487596 0.359238 0.488879 0.361052 0.494440 0.360750 0.507699 0.361052 0.508127 0.361052 0.516681 0.361355 0.517109 0.361657 0.536784 0.361052 0.539778 0.358936 0.542772 0.356214 0.544910 0.355912 0.547049 0.356819 0.548332 0.358331 0.549187 0.360145 0.551754 0.362867 0.557742 0.363169 0.560736 0.362564 0.564585 0.363471 0.567151 0.364681 0.573139 0.368612 0.576133 0.373450 0.577844 0.380708 0.577844 0.381010 0.578272 0.392198 0.578272 0.394013 0.577844 0.396432 0.578700 0.400060 0.578700 0.402177 0.576989 0.403689 0.576989 0.407318 0.579127 0.412156 0.579127 0.415482 0.579983 0.416994 0.577844 0.417901 0.571856 0.417599 0.550043 0.418204 0.547049 0.418204 0.537211 0.417901 0.536784 0.418204 0.513259 0.417297 0.505988 0.418204 0.498289 0.418204 0.493584 0.417901 0.493157 0.417901 0.489307 0.417297 0.487596 0.415785 0.486313 0.410342 0.486741 0.407318 0.485885 0.391291 0.485458 0.390989 0.485030 0.389174 0.485458 0.374660 0.485458 0.374357 0.485030 0.373148 0.485458 0.364681 0.485458
0 0.254817 0.716493 0.120168 0.714879 0.121309 0.489723 0.271933 0.488109 0.275927 0.569617 0.234277 0.570424 0.233707 0.547828 0.227431 0.549442 0.227431 0.576073 0.255958 0.578494
0 0.280491 0.492144 0.278780 0.577687 0.260522 0.578494 0.261663 0.608353 0.341540 0.607546 0.340969 0.488109
0 0.749479 0.496179 0.751191 0.579301 0.698701 0.579301 0.700983 0.609967 0.845901 0.609160 0.848184 0.577687 0.807675 0.576073 0.806534 0.494565