0 0.341095 0.514115 0.340792 0.524808 0.341699 0.530368 0.341095 0.545766 0.341397 0.612917 0.340490 0.633020 0.341397 0.635158 0.344119 0.636014 0.364983 0.634731 0.372543 0.636014 0.421228 0.635158 0.430602 0.636869 0.469610 0.636441 0.472634 0.637297 0.484729 0.636441 0.513759 0.636869 0.514968 0.635158 0.513456 0.595381 0.513456 0.551326 0.514061 0.547476 0.513456 0.535500 0.514363 0.528657 0.511642 0.523097 0.511037 0.517109 0.508920 0.514542 0.489870 0.512831 0.472634 0.512831 0.469610 0.514115 0.439371 0.512831 0.431207 0.515398 0.426368 0.513687 0.390989 0.512404 0.387360 0.513259 0.343816 0.512831
0 0.451164 0.407186 0.450257 0.408469 0.449652 0.410607 0.449652 0.430710 0.448443 0.438837 0.448443 0.443114 0.449047 0.445252 0.449047 0.468777 0.449350 0.469204 0.448745 0.485885 0.448443 0.486313 0.448443 0.501711 0.449047 0.504277 0.451467 0.506843 0.454793 0.507699 0.460841 0.507271 0.464167 0.505133 0.465679 0.505133 0.469005 0.510693 0.471424 0.511121 0.478379 0.510693 0.480194 0.511548 0.483822 0.511548 0.500454 0.507699 0.502268 0.508127 0.505292 0.510693 0.507106 0.510693 0.508920 0.509410 0.510735 0.506416 0.511944 0.501711 0.511340 0.446108 0.510432 0.442258 0.510130 0.437981 0.510130 0.424294 0.511037 0.418734 0.510735 0.411891 0.509828 0.409752 0.508316 0.408469 0.505594 0.407613 0.504989 0.408041 0.496523 0.408041 0.494406 0.407186 0.492591 0.407186 0.490172 0.408041 0.486544 0.406758 0.479589 0.406758 0.479286 0.406330 0.468400 0.406330 0.465376 0.407613 0.454793 0.407186 0.454490 0.406758
0 0.433626 0.386655 0.430904 0.386655 0.427880 0.389222 0.423647 0.390077 0.419111 0.392216 0.413970 0.392216 0.413668 0.392643 0.408225 0.393071 0.406411 0.393926 0.405201 0.395637 0.403689 0.399487 0.403992 0.410607 0.403689 0.411035 0.403387 0.419162 0.403689 0.419589 0.403992 0.426861 0.404294 0.427288 0.404294 0.440120 0.403689 0.443114 0.403689 0.471343 0.404596 0.477331 0.404596 0.479897 0.404294 0.480325 0.403992 0.494012 0.403387 0.497006 0.403387 0.501283 0.405201 0.503849 0.410039 0.505560 0.413366 0.505560 0.413668 0.505133 0.426368 0.505133 0.426671 0.505560 0.439371 0.505133 0.439673 0.505560 0.442697 0.505560 0.445419 0.504705 0.446628 0.502566 0.446931 0.501283 0.446931 0.494867 0.446326 0.490163 0.446024 0.451240 0.445721 0.450813 0.446024 0.439264 0.445721 0.438837 0.445721 0.428144 0.445419 0.427716 0.445419 0.418734 0.445116 0.418306 0.445419 0.400770 0.444814 0.396493 0.443604 0.394782 0.441488 0.394354 0.439371 0.393071
0 0.344723 0.391360 0.343211 0.393926 0.342304 0.399914 0.342909 0.428999 0.344421 0.435415 0.344119 0.443541 0.344723 0.458512 0.344723 0.476903 0.342909 0.481181 0.342909 0.491446 0.341699 0.498289 0.342002 0.501711 0.344723 0.504277 0.352585 0.505133 0.399153 0.504705 0.400968 0.503849 0.402782 0.500428 0.402480 0.490590 0.403084 0.465783 0.402480 0.449102 0.402782 0.439264 0.402177 0.434132 0.403084 0.400342 0.403992 0.393926 0.401572 0.390932 0.399153 0.390077 0.395222 0.390932 0.389174 0.390932 0.385848 0.392643 0.384639 0.394782 0.384639 0.415740 0.383429 0.417451 0.381917 0.417451 0.377684 0.412746 0.381010 0.408041 0.380708 0.405047 0.377684 0.400770 0.376172 0.401198 0.373753 0.403336 0.370124 0.402908 0.368612 0.401198 0.367705 0.398204 0.364379 0.393499 0.364076 0.392216 0.362867 0.390505 0.361355 0.389649 0.358936 0.390505 0.357726 0.391788 0.350469 0.390505
0 0.324463 0.267750 0.323858 0.267323 0.323254 0.268606 0.321742 0.275877 0.314484 0.282293 0.312972 0.284859 0.311158 0.284859 0.308437 0.281865 0.306925 0.282293 0.306320 0.284003 0.306925 0.289564 0.303901 0.293841 0.303901 0.295124 0.305715 0.298973 0.305715 0.301967 0.303901 0.305389 0.290596 0.305389 0.287572 0.307100 0.283641 0.304962 0.279105 0.306245 0.269126 0.306245 0.264288 0.305389 0.261566 0.306672 0.260357 0.312660 0.261264 0.319504 0.259450 0.324209 0.258240 0.330197 0.258240 0.334474 0.258845 0.337040 0.261566 0.342173 0.260357 0.346450 0.260357 0.348589 0.262776 0.358426 0.262776 0.366125 0.264288 0.370830 0.263381 0.375535 0.263985 0.386228 0.263078 0.396493 0.264288 0.405475 0.264288 0.417451 0.266102 0.420873 0.269126 0.421728 0.278198 0.421300 0.283036 0.423011 0.295736 0.423439 0.299063 0.422583 0.307529 0.422583 0.311461 0.423439 0.328394 0.423439 0.335349 0.418306 0.332930 0.412746 0.332930 0.411035 0.334442 0.408041 0.335047 0.405047 0.334744 0.402481 0.336861 0.396920 0.336861 0.389649 0.339583 0.385800 0.340187 0.383234 0.338071 0.376818 0.338676 0.355004 0.339885 0.348589 0.340490 0.324636 0.338978 0.320359 0.338676 0.317365 0.340187 0.313516 0.340187 0.310522 0.338373 0.307528 0.335652 0.305817 0.332325 0.305389 0.328999 0.307100 0.325068 0.306672 0.323858 0.304962 0.323556 0.297690 0.324161 0.295552 0.324161 0.289564 0.323254 0.282293 0.324766 0.274594
0 0.339885 0.323353 0.339885 0.350727 0.340490 0.355432 0.339583 0.358426 0.339885 0.366980 0.339280 0.371257 0.341397 0.376818 0.342002 0.386228 0.343816 0.389222 0.348352 0.389222 0.352585 0.387083 0.358633 0.387511 0.360750 0.388366 0.364983 0.387511 0.366193 0.389222 0.367402 0.394782 0.369217 0.396920 0.375567 0.397348 0.377986 0.398204 0.381615 0.394354 0.382824 0.390077 0.384941 0.387511 0.386755 0.387511 0.390686 0.389649 0.400665 0.389222 0.412458 0.389649 0.414575 0.390505 0.420018 0.389649 0.420925 0.387938 0.421228 0.382806 0.423647 0.376390 0.423647 0.372541 0.425461 0.369119 0.428183 0.366553 0.430904 0.368263 0.431207 0.372113 0.429090 0.375535 0.425461 0.376390 0.424856 0.377246 0.426973 0.379812 0.432416 0.383234 0.439976 0.381523 0.440883 0.378956 0.442395 0.376818 0.443604 0.376390 0.444512 0.371257 0.444209 0.364842 0.444814 0.354149 0.446326 0.348161 0.445721 0.325920 0.444814 0.322926 0.443907 0.322070 0.439371 0.321215 0.435742 0.324209 0.427578 0.322498 0.424554 0.320359 0.422437 0.320359 0.420018 0.322070 0.414878 0.322070 0.406411 0.319932 0.403387 0.322070 0.401572 0.322070 0.398851 0.320787 0.390686 0.321642 0.388267 0.320359 0.368612 0.320359 0.362564 0.319076 0.352888 0.319504 0.344119 0.318221 0.341397 0.320359
0 0.529483 0.325920 0.527366 0.324209 0.523435 0.326775 0.520109 0.326775 0.514968 0.325064 0.510735 0.324636 0.507106 0.320787 0.504989 0.320787 0.503175 0.321642 0.497732 0.321215 0.493499 0.323353 0.480496 0.323353 0.472634 0.324636 0.464167 0.322926 0.460841 0.323353 0.458422 0.324636 0.457817 0.325920 0.457817 0.329769 0.457212 0.331480 0.454490 0.333618 0.454188 0.336185 0.455398 0.337896 0.458119 0.339179 0.459631 0.341745 0.459631 0.343884 0.458422 0.345167 0.455700 0.345595 0.454793 0.346878 0.452071 0.348161 0.448745 0.345595 0.447838 0.349016 0.447233 0.361848 0.447536 0.369547 0.447233 0.385800 0.448140 0.394782 0.449350 0.398631 0.452071 0.403336 0.452979 0.403764 0.456305 0.403336 0.464469 0.405902 0.494103 0.405047 0.497127 0.405902 0.502873 0.405475 0.505292 0.406330 0.511340 0.406330 0.513154 0.407186 0.515573 0.407186 0.518597 0.405475 0.520109 0.407186 0.522226 0.412746 0.524040 0.413174 0.526459 0.411891 0.527669 0.410180 0.529181 0.406330 0.529785 0.400342 0.531600 0.396920 0.532204 0.392643 0.533414 0.388794 0.532507 0.384517 0.532809 0.367836 0.532507 0.359709 0.531297 0.354149 0.531600 0.345595 0.530995 0.343028 0.530995 0.335329 0.530088 0.331908
0 0.530995 0.197177 0.530088 0.195894 0.525552 0.195894 0.518597 0.197177 0.504082 0.198032 0.497430 0.197605 0.495615 0.196749 0.485939 0.196322 0.481403 0.199743 0.448443 0.199743 0.440883 0.203165 0.439371 0.207442 0.439069 0.211719 0.439069 0.230967 0.440278 0.233105 0.444209 0.235244 0.445721 0.236955 0.444814 0.241232 0.445721 0.263045 0.445721 0.291702 0.445116 0.298546 0.445116 0.306245 0.445721 0.308383 0.447838 0.310950 0.460236 0.310950 0.464772 0.312660 0.478682 0.312660 0.484729 0.311377 0.494708 0.311805 0.496825 0.310950 0.506804 0.311377 0.509525 0.308811 0.509525 0.299829 0.512549 0.296407 0.513759 0.292130 0.515875 0.288708 0.522528 0.282720 0.530390 0.282720 0.531600 0.278443 0.531297 0.269033 0.532204 0.257913 0.531902 0.201027
0 0.398246 0.235672 0.397339 0.237810 0.397037 0.241232 0.396734 0.241660 0.396734 0.247648 0.397037 0.248075 0.397037 0.269889 0.396734 0.270317 0.396734 0.271600 0.397037 0.272027 0.397037 0.276305 0.397339 0.276732 0.397339 0.289564 0.397037 0.289991 0.397037 0.293413 0.396734 0.293841 0.396734 0.302823 0.395827 0.305817 0.396129 0.308383 0.397641 0.310094 0.399456 0.310950 0.401572 0.310950 0.401875 0.311377 0.405806 0.310950 0.406108 0.310522 0.411854 0.310522 0.412156 0.310950 0.417297 0.310950 0.417599 0.310522 0.421833 0.310522 0.422135 0.310950 0.439976 0.310950 0.440278 0.310522 0.441790 0.310522 0.443604 0.309666 0.444814 0.307528 0.444814 0.305389 0.443604 0.300257 0.443604 0.279299 0.443907 0.278871 0.443907 0.274166 0.443604 0.273738 0.443604 0.272027 0.443907 0.271600 0.443907 0.267750 0.444209 0.267323 0.444209 0.258768 0.443907 0.258340 0.443604 0.254063 0.443302 0.253636 0.443302 0.241232 0.442093 0.237810 0.440581 0.236527 0.438766 0.236099 0.438464 0.235672 0.437254 0.235672 0.436952 0.235244 0.430299 0.235244 0.429997 0.235672 0.428183 0.235672 0.427880 0.236099 0.425461 0.236099 0.425159 0.235672 0.422437 0.235672 0.422135 0.236099 0.413668 0.236099 0.413366 0.236527 0.411249 0.236527 0.410946 0.236955 0.410342 0.236527 0.408830 0.236527 0.408527 0.236099 0.406713 0.236099 0.406411 0.235672 0.403387 0.235672 0.403084 0.235244 0.398851 0.235244
0 0.390989 0.190334 0.389779 0.190334 0.386151 0.193328 0.383429 0.193328 0.379800 0.194611 0.373450 0.194183 0.370124 0.195466 0.361355 0.195466 0.357726 0.199316 0.352888 0.198032 0.348050 0.198460 0.345328 0.201027 0.344723 0.203165 0.343816 0.212575 0.344119 0.221985 0.343816 0.231822 0.345026 0.236099 0.344119 0.241232 0.344119 0.256202 0.344723 0.258768 0.345026 0.275021 0.344421 0.283148 0.344421 0.301540 0.343211 0.306245 0.343211 0.312660 0.344723 0.316082 0.348050 0.317365 0.380405 0.316938 0.382522 0.316082 0.390989 0.315227 0.394013 0.312660 0.395222 0.307100 0.394920 0.298118 0.395222 0.272027 0.394617 0.266467 0.394920 0.253636 0.394315 0.232678 0.395525 0.230111 0.398246 0.229256 0.400968 0.224979 0.401875 0.217280 0.402782 0.214713 0.403387 0.214286 0.406108 0.218991 0.406713 0.218991 0.407620 0.218135 0.408225 0.212575 0.406713 0.210436 0.403387 0.211292 0.402782 0.210436 0.402480 0.207442 0.400665 0.203593 0.394920 0.200599 0.392803 0.195466 0.392198 0.192044
0 0.341699 0.196749 0.338071 0.194611 0.331721 0.194611 0.328394 0.192900 0.321137 0.194183 0.315694 0.194183 0.312368 0.192472 0.299667 0.193328 0.293015 0.190761 0.290596 0.190761 0.286967 0.193328 0.283338 0.191617 0.274871 0.191189 0.270336 0.192472 0.258542 0.191617 0.257031 0.194611 0.257333 0.206587 0.256426 0.213430 0.256426 0.223268 0.257031 0.229256 0.256728 0.243370 0.258240 0.248503 0.256728 0.258768 0.257333 0.266895 0.256426 0.270317 0.255519 0.292130 0.255821 0.298973 0.257333 0.305389 0.257333 0.308383 0.256426 0.311377 0.256728 0.313516 0.257635 0.314799 0.259147 0.314799 0.260962 0.312660 0.260357 0.307100 0.263381 0.305389 0.286967 0.305389 0.294224 0.304534 0.301784 0.305389 0.303901 0.304534 0.308134 0.299401 0.311158 0.298118 0.312670 0.298546 0.315694 0.301540 0.323556 0.303251 0.328697 0.301540 0.331721 0.304106 0.336256 0.304106 0.339583 0.302395 0.341095 0.300257 0.342304 0.296835 0.342304 0.291702 0.341699 0.288708 0.342304 0.280582 0.342002 0.236099 0.342607 0.232678 0.342909 0.203593 0.342607 0.199743