0 0.471771 0.219166 0.475192 0.223700 0.475192 0.244559 0.470915 0.253023 0.470915 0.266324 0.473909 0.271765 0.473909 0.282346 0.468349 0.288089 0.450813 0.293531 0.449530 0.296554 0.451240 0.298670 0.459795 0.298368 0.467921 0.301995 0.473909 0.301693 0.482036 0.303809 0.492301 0.303507 0.499145 0.305623 0.499145 0.307739 0.495723 0.310459 0.482036 0.312878 0.490163 0.316808 0.492301 0.325877 0.494440 0.328295 0.499572 0.330411 0.499145 0.331923 0.493584 0.334946 0.494012 0.336759 0.498717 0.340085 0.550898 0.340689 0.558169 0.341898 0.565868 0.344921 0.575278 0.345224 0.582977 0.347340 0.606501 0.347642 0.614628 0.350967 0.620616 0.350060 0.633875 0.342805 0.640719 0.341596 0.656544 0.343108 0.664243 0.350363 0.666382 0.350363 0.670231 0.345224 0.673653 0.343712 0.680924 0.346131 0.691189 0.344317 0.698032 0.347642 0.705731 0.344921 0.715141 0.347340 0.724551 0.344317 0.732250 0.348247 0.740804 0.344619 0.742087 0.342503 0.742087 0.329504 0.739093 0.323156 0.739949 0.317110 0.735244 0.272672 0.736099 0.235490 0.734816 0.223700 0.737382 0.213724 0.736099 0.212515 0.731394 0.211911 0.728828 0.215236 0.724123 0.217654 0.715141 0.217352 0.707870 0.219468 0.698888 0.217654 0.690334 0.223398 0.682635 0.221282 0.674508 0.223398 0.666382 0.222189 0.655689 0.223096 0.649273 0.221282 0.638580 0.222491 0.630453 0.220979 0.624038 0.222189 0.616339 0.217956 0.612917 0.213422 0.606929 0.211608 0.597091 0.211306 0.573567 0.213724 0.565441 0.211608 0.558597 0.212213 0.550898 0.209794 0.545766 0.210701 0.534217 0.216747 0.526091 0.215538 0.482891 0.216143
0 0.497861 0.360339 0.496578 0.359734 0.494012 0.359432 0.493584 0.359129 0.488452 0.359129 0.488024 0.359432 0.483319 0.359432 0.482891 0.359734 0.481608 0.359734 0.481181 0.359432 0.445252 0.359432 0.444825 0.359734 0.437981 0.359734 0.437553 0.359432 0.434132 0.359432 0.433276 0.359734 0.432421 0.360641 0.432421 0.361850 0.431993 0.362152 0.431993 0.369105 0.432421 0.369408 0.432421 0.375453 0.431993 0.375756 0.431993 0.383011 0.432421 0.383313 0.432421 0.387545 0.432849 0.387848 0.432849 0.389057 0.433276 0.389359 0.433276 0.389964 0.434132 0.390568 0.434132 0.390871 0.435415 0.391475 0.436698 0.391475 0.437126 0.391777 0.439264 0.391777 0.439692 0.392080 0.444397 0.392080 0.444825 0.391777 0.452524 0.391777 0.452951 0.392080 0.463216 0.392080 0.463644 0.391777 0.467066 0.391777 0.467494 0.391475 0.468349 0.391777 0.473054 0.391777 0.473482 0.392080 0.477331 0.392080 0.477759 0.391777 0.485030 0.391777 0.485458 0.392080 0.494440 0.392080 0.494867 0.391777 0.495723 0.391777 0.497434 0.391173 0.497434 0.390871 0.498289 0.390266 0.498289 0.389359 0.498717 0.389057 0.498717 0.387243 0.499145 0.386941 0.499145 0.382104 0.499572 0.381802 0.499145 0.381197 0.499145 0.368198 0.499572 0.367896 0.499572 0.364873 0.499145 0.364571 0.499145 0.362455 0.498717 0.362152 0.498717 0.361548
0 0.407613 0.343108 0.406330 0.342201 0.403336 0.341596 0.399059 0.341596 0.394782 0.344014 0.392216 0.347037 0.390505 0.347944 0.387938 0.347037 0.385372 0.346735 0.382378 0.344317 0.381095 0.342201 0.378956 0.340689 0.375535 0.339178 0.368263 0.337969 0.357998 0.337364 0.351583 0.338573 0.346022 0.338573 0.345595 0.338875 0.332763 0.339480 0.316510 0.343108 0.310094 0.343410 0.306245 0.344619 0.303678 0.346131 0.301967 0.347944 0.299829 0.359432 0.300257 0.360641 0.300257 0.370919 0.298546 0.376360 0.298546 0.382104 0.299829 0.388452 0.301540 0.391777 0.302823 0.392684 0.304534 0.392987 0.310522 0.392987 0.310950 0.393289 0.330197 0.393289 0.330624 0.393591 0.343884 0.393289 0.349016 0.393894 0.372113 0.393894 0.377673 0.393289 0.393071 0.393289 0.399914 0.394196 0.402908 0.393894 0.406758 0.392684 0.408041 0.391777 0.409752 0.389057 0.409752 0.377872 0.410180 0.377570 0.409752 0.370012 0.408896 0.366989 0.408469 0.345224
0 0.288708 0.349456 0.285714 0.347340 0.284003 0.346735 0.281009 0.346131 0.279299 0.346131 0.278871 0.345828 0.276732 0.345828 0.276305 0.345526 0.266895 0.345526 0.265184 0.346131 0.263045 0.346131 0.260907 0.346735 0.251069 0.346433 0.250642 0.346735 0.246364 0.347037 0.244226 0.347642 0.234388 0.347340 0.233961 0.347642 0.231822 0.347642 0.227545 0.348549 0.224551 0.348549 0.224123 0.348247 0.221557 0.348247 0.221129 0.347944 0.216852 0.347944 0.215997 0.348549 0.215141 0.348549 0.213003 0.349456 0.210864 0.350967 0.210009 0.352177 0.209153 0.354293 0.209153 0.357618 0.208725 0.357920 0.208725 0.372430 0.209153 0.372733 0.209581 0.378476 0.210009 0.378779 0.209581 0.379081 0.209581 0.382709 0.210009 0.383011 0.210009 0.386941 0.210436 0.387243 0.210436 0.393894 0.211292 0.396010 0.213858 0.397521 0.216852 0.398428 0.227117 0.398428 0.227545 0.398730 0.230539 0.398730 0.230967 0.399033 0.257913 0.399033 0.258768 0.399335 0.259196 0.399033 0.266039 0.399033 0.266467 0.398730 0.273311 0.398730 0.273738 0.398428 0.285287 0.398428 0.289564 0.397521 0.293413 0.395103 0.293841 0.394196 0.293841 0.389964 0.293413 0.389661 0.293413 0.387545 0.292985 0.387243 0.292558 0.383615 0.292130 0.383313 0.291702 0.366687 0.291275 0.366385 0.291275 0.363362 0.290847 0.363059 0.290847 0.360339 0.290419 0.360036 0.290419 0.358525 0.290847 0.358223 0.290847 0.352479
0 0.218991 0.215236 0.216424 0.217654 0.218563 0.230955 0.217280 0.235792 0.218135 0.243954 0.214286 0.252418 0.215141 0.290206 0.216852 0.299879 0.216424 0.322249 0.213858 0.340992 0.214713 0.347037 0.216424 0.348851 0.219846 0.349758 0.225834 0.349154 0.235672 0.349456 0.252352 0.347037 0.279726 0.347340 0.284859 0.346735 0.294696 0.340085 0.301967 0.336457 0.300257 0.330109 0.304106 0.325272 0.304534 0.311064 0.303678 0.306530 0.305817 0.299879 0.304962 0.257860 0.306245 0.238815 0.302823 0.219166 0.300257 0.217654 0.292985 0.216747 0.275021 0.217654 0.269033 0.216445 0.250214 0.216143 0.238238 0.219468 0.239949 0.220979 0.242087 0.221282 0.249786 0.224909 0.258340 0.225514 0.261334 0.227025 0.263901 0.229746 0.263901 0.230955 0.261334 0.233978 0.257913 0.235490 0.252780 0.233374 0.246364 0.232164 0.244226 0.230351 0.242087 0.230351 0.240804 0.232164 0.236955 0.234281 0.233961 0.234281 0.228400 0.232164 0.226262 0.230653 0.226262 0.228839 0.227545 0.226723 0.232678 0.223700 0.235244 0.219468 0.232678 0.217050 0.229683 0.215840
0 0.385800 0.211306 0.383234 0.210701 0.365269 0.210701 0.357571 0.212213 0.351583 0.214329 0.346450 0.214631 0.341317 0.215538 0.334474 0.215538 0.327203 0.217352 0.317365 0.217050 0.314799 0.218259 0.313944 0.220375 0.315654 0.225514 0.314371 0.229141 0.314799 0.252418 0.313944 0.261185 0.315227 0.264510 0.314799 0.274184 0.315654 0.277509 0.314799 0.281137 0.314799 0.288694 0.316082 0.293531 0.315227 0.301088 0.316938 0.302600 0.320359 0.302902 0.323353 0.302297 0.326775 0.302297 0.334474 0.303809 0.345167 0.304414 0.353721 0.304414 0.357571 0.303507 0.361420 0.303507 0.365269 0.304111 0.387083 0.304716 0.390505 0.304111 0.393926 0.302902 0.395637 0.301693 0.396065 0.298368 0.395210 0.296856 0.395210 0.279323 0.395637 0.279021 0.395210 0.269649 0.396065 0.267231 0.396065 0.263906 0.394782 0.254232 0.395210 0.241233 0.394782 0.230351 0.395637 0.224607 0.390505 0.217050 0.388794 0.213422
0 0.393071 0.216747 0.391788 0.217956 0.391360 0.219468 0.391788 0.219770 0.392216 0.229444 0.393071 0.232769 0.393499 0.243047 0.394782 0.249698 0.394782 0.254837 0.396920 0.261487 0.399487 0.265719 0.396920 0.271765 0.396920 0.278416 0.398631 0.282950 0.401625 0.284462 0.407613 0.285067 0.412318 0.286276 0.417879 0.290508 0.420873 0.289903 0.428571 0.289601 0.433704 0.288694 0.436270 0.288996 0.447819 0.288694 0.452096 0.287787 0.453807 0.286578 0.455090 0.284462 0.455090 0.274788 0.454662 0.274486 0.454662 0.269952 0.454234 0.269649 0.454234 0.256953 0.455090 0.253023 0.457656 0.250605 0.466210 0.248791 0.467494 0.247582 0.467494 0.246977 0.465783 0.245768 0.460222 0.243954 0.455518 0.243047 0.454662 0.242140 0.454662 0.241233 0.458939 0.239420 0.464500 0.235187 0.466210 0.234583 0.468349 0.233071 0.472626 0.226421 0.473054 0.225212 0.472198 0.223700 0.469204 0.221886 0.462361 0.220073 0.458512 0.219468 0.449957 0.219770 0.445252 0.218863 0.437126 0.219166 0.433704 0.220677 0.432421 0.221886 0.426433 0.221584 0.419162 0.219468 0.415740 0.219770 0.410180 0.221886 0.406758 0.221886 0.401198 0.219770 0.396065 0.218561
0 0.496151 0.307134 0.491873 0.305320 0.483747 0.305320 0.473909 0.308041 0.468777 0.306832 0.453379 0.307437 0.449530 0.306832 0.442686 0.304414 0.440547 0.304414 0.429855 0.307739 0.423011 0.308646 0.418734 0.308343 0.415740 0.307134 0.408896 0.305925 0.374679 0.305925 0.371257 0.305320 0.340462 0.305925 0.336185 0.305018 0.328486 0.305623 0.317793 0.305018 0.313516 0.307134 0.312660 0.308948 0.312233 0.313785 0.313516 0.319226 0.310950 0.331923 0.310950 0.338573 0.311805 0.340689 0.316082 0.342201 0.323353 0.343410 0.325064 0.344317 0.327203 0.344317 0.334046 0.341596 0.340034 0.340689 0.352866 0.340992 0.365697 0.339782 0.376390 0.340387 0.380240 0.341898 0.384944 0.345224 0.392643 0.345224 0.401198 0.343108 0.411035 0.342805 0.417023 0.344014 0.420873 0.346735 0.421300 0.348851 0.418734 0.353688 0.420445 0.355200 0.423867 0.356106 0.440975 0.356711 0.447391 0.357618 0.458512 0.357013 0.467494 0.358525 0.471771 0.357920 0.481181 0.358525 0.491873 0.358223 0.495295 0.356711 0.496578 0.353990 0.495723 0.349456 0.495723 0.340992 0.494012 0.336759 0.494012 0.321040 0.496151 0.311064
0 0.649701 0.562576 0.647562 0.561971 0.646707 0.562576 0.642857 0.563482 0.640719 0.563482 0.640291 0.563785 0.638152 0.563785 0.637725 0.563482 0.630453 0.563482 0.630026 0.563785 0.627459 0.563785 0.627032 0.564087 0.611634 0.563785 0.611206 0.564087 0.608212 0.564087 0.607784 0.564389 0.598375 0.564389 0.590676 0.565901 0.582549 0.568924 0.579127 0.569528 0.576561 0.570435 0.575278 0.571947 0.575278 0.572854 0.574423 0.574365 0.574423 0.576179 0.573995 0.576481 0.573995 0.582225 0.574423 0.582527 0.574423 0.584039 0.575278 0.585248 0.575706 0.587062 0.576989 0.588875 0.578700 0.590085 0.584260 0.591898 0.588109 0.594921 0.588109 0.595828 0.588537 0.596131 0.588537 0.604897 0.588109 0.605200 0.588109 0.607316 0.587682 0.607618 0.587682 0.609432 0.587254 0.609734 0.587254 0.612455 0.588109 0.613966 0.589820 0.615478 0.593670 0.616385 0.597947 0.616385 0.598375 0.616687 0.600941 0.616687 0.601369 0.616989 0.605218 0.617291 0.605646 0.617594 0.615483 0.617594 0.621044 0.616082 0.622755 0.614873 0.623610 0.614873 0.624465 0.614268 0.628743 0.614571 0.630453 0.615478 0.631309 0.616687 0.633020 0.616385 0.633875 0.614571 0.635586 0.613362 0.636869 0.613362 0.637297 0.613059 0.641574 0.613059 0.647562 0.614268 0.648845 0.613966 0.650128 0.613059 0.650984 0.611245 0.652267 0.610036 0.652267 0.609432 0.653550 0.607920 0.654405 0.606106 0.654405 0.603688 0.654833 0.603386 0.654833 0.591294 0.654405 0.590991 0.654405 0.586457 0.654833 0.586155 0.654833 0.574063 0.655261 0.573761 0.655261 0.571040 0.654833 0.570738 0.654405 0.567412
0 0.399317 0.566424 0.394930 0.667190 0.485957 0.668740 0.487053 0.566424
0 0.541889 0.763305 0.470603 0.760980 0.472796 0.750128 0.500214 0.744702 0.498020 0.706721 0.545179 0.708271
0 0.711878 0.760980 0.558339 0.759429 0.548469 0.679592 0.587950 0.675716 0.585757 0.616032 0.710782 0.619907
0 0.541889 0.702070 0.505697 0.703621 0.495827 0.643936 0.566016 0.640836 0.567113 0.664864 0.537502 0.667965
0 0.484860 0.740826 0.404800 0.739276 0.399317 0.678042 0.487053 0.674941
0 0.576983 0.635410 0.496924 0.631534 0.498020 0.571075 0.566016 0.568749