0 0.294527 0.492729 0.291805 0.490590 0.228606 0.491018 0.224373 0.493584 0.218022 0.492301 0.198669 0.493584 0.159661 0.491873 0.155125 0.494012 0.154521 0.548760 0.155428 0.579127 0.154521 0.590676 0.154218 0.663815 0.157545 0.665526 0.176293 0.665098 0.181131 0.665954 0.249471 0.665954 0.255821 0.664243 0.272452 0.663815 0.287572 0.665526 0.294829 0.663815 0.294527 0.658683 0.297248 0.653550 0.298155 0.623182 0.296643 0.615911 0.297551 0.600086 0.296039 0.595808 0.296039 0.588109 0.297248 0.583405 0.296341 0.541916 0.297853 0.532934 0.296946 0.526091 0.296946 0.505988 0.295434 0.502139
0 0.158149 0.317365 0.158149 0.325064 0.160568 0.329769 0.161476 0.371257 0.160568 0.375535 0.160871 0.412746 0.158149 0.444397 0.157545 0.476476 0.162383 0.490163 0.291503 0.490590 0.293922 0.488024 0.295132 0.425577 0.297248 0.422583 0.323858 0.421728 0.328394 0.419589 0.336861 0.419589 0.340187 0.421728 0.362867 0.422156 0.369217 0.416168 0.373148 0.419162 0.382220 0.420873 0.387058 0.419589 0.424252 0.421728 0.426671 0.418734 0.428183 0.351583 0.429997 0.323353 0.428485 0.311377 0.426368 0.307100 0.423949 0.305817 0.164500 0.304106 0.161476 0.305817
0 0.344119 0.202310 0.342607 0.201454 0.332628 0.201454 0.327790 0.200599 0.321439 0.202737 0.319323 0.202737 0.317508 0.201454 0.300272 0.201027 0.299970 0.201454 0.288177 0.201454 0.287874 0.201882 0.284548 0.201882 0.282129 0.203165 0.281222 0.206159 0.280617 0.211719 0.280617 0.226689 0.280919 0.227117 0.280919 0.233961 0.280617 0.234388 0.280617 0.251497 0.280919 0.251925 0.280919 0.255774 0.280617 0.256202 0.280617 0.269461 0.280919 0.269889 0.280617 0.295124 0.281524 0.298546 0.282431 0.299829 0.283641 0.300684 0.286060 0.301112 0.304506 0.300684 0.304808 0.300257 0.324463 0.300684 0.327790 0.299401 0.329604 0.299401 0.331721 0.300257 0.341699 0.299829 0.342909 0.299401 0.344119 0.298118 0.344723 0.295552 0.344421 0.248075 0.345026 0.240804 0.345026 0.234816 0.344421 0.231394 0.344723 0.204448
0 0.277291 0.201882 0.275174 0.200599 0.263381 0.200599 0.263078 0.200171 0.261566 0.200171 0.258542 0.201882 0.257333 0.201882 0.255519 0.201027 0.247656 0.201027 0.247354 0.200599 0.241911 0.200599 0.239190 0.201882 0.238585 0.204021 0.238585 0.207870 0.238282 0.208298 0.238282 0.211292 0.237980 0.211719 0.238282 0.231394 0.237980 0.231822 0.237678 0.237810 0.237073 0.241232 0.237375 0.254919 0.236468 0.259196 0.237375 0.269889 0.237678 0.270317 0.237678 0.273738 0.237375 0.274166 0.237375 0.277160 0.237073 0.277588 0.236770 0.289136 0.235863 0.292985 0.235863 0.295552 0.236166 0.296407 0.239190 0.299829 0.240702 0.300684 0.254611 0.301112 0.254914 0.301540 0.257031 0.301540 0.257333 0.301967 0.264590 0.301540 0.264893 0.301967 0.272755 0.301967 0.273057 0.302395 0.274569 0.302395 0.276383 0.301112 0.278198 0.298118 0.278803 0.295979 0.278500 0.287425 0.278198 0.286997 0.278198 0.256202 0.278500 0.255774 0.278198 0.233961 0.278500 0.233533 0.278500 0.223268 0.278198 0.222840 0.278198 0.204876 0.277895 0.204448 0.277895 0.202737
0 0.232537 0.203593 0.231932 0.202737 0.229816 0.201882 0.219837 0.201882 0.216510 0.200599 0.212882 0.201454 0.204112 0.201027 0.197762 0.201882 0.193831 0.201882 0.189598 0.201027 0.181131 0.201027 0.173571 0.202737 0.170850 0.204876 0.166919 0.202737 0.162383 0.203593 0.161173 0.205304 0.160568 0.208298 0.160266 0.218563 0.161173 0.221129 0.163290 0.224551 0.163290 0.227117 0.161778 0.230111 0.158452 0.231394 0.157242 0.234816 0.157242 0.251069 0.158452 0.267750 0.158452 0.275877 0.159661 0.280154 0.160266 0.284859 0.160266 0.289564 0.159661 0.292130 0.159964 0.298118 0.161778 0.299829 0.163290 0.300257 0.167826 0.299829 0.208648 0.300257 0.211672 0.298973 0.226489 0.299829 0.228908 0.298973 0.230420 0.297690 0.231327 0.295979 0.231025 0.291702 0.231327 0.276732 0.232537 0.271172 0.232537 0.259624 0.233444 0.254491 0.233444 0.247220 0.232839 0.242515 0.233142 0.207015
0 0.347747 0.201454 0.346840 0.202737 0.346235 0.207442 0.346235 0.260051 0.346538 0.260479 0.346235 0.299401 0.346840 0.301967 0.348654 0.303678 0.355005 0.303678 0.355307 0.304106 0.386151 0.304106 0.386453 0.303678 0.394617 0.304106 0.394920 0.303678 0.397339 0.303678 0.398851 0.302823 0.400060 0.300684 0.400363 0.256202 0.400665 0.255774 0.400665 0.251925 0.401270 0.247648 0.400060 0.243798 0.398549 0.242087 0.394315 0.242087 0.394013 0.242515 0.389477 0.242943 0.386755 0.242087 0.385546 0.240376 0.384941 0.237810 0.385243 0.218135 0.384941 0.217707 0.384941 0.204876 0.384336 0.202310 0.381917 0.200599 0.349259 0.200599
0 0.556093 0.304534 0.555186 0.303251 0.545812 0.303678 0.540974 0.301540 0.538857 0.301540 0.534624 0.304534 0.530390 0.302395 0.518899 0.302823 0.511642 0.299829 0.497127 0.299401 0.488358 0.300684 0.472634 0.300257 0.466586 0.301967 0.461748 0.304962 0.432416 0.305389 0.430904 0.306245 0.429997 0.309239 0.430602 0.349444 0.432416 0.355432 0.432416 0.360137 0.433323 0.355004 0.442093 0.350727 0.443000 0.349016 0.443302 0.344739 0.443907 0.344739 0.444512 0.395210 0.445721 0.406330 0.445116 0.418734 0.447536 0.421300 0.452676 0.420445 0.455095 0.421300 0.485334 0.420873 0.488056 0.421728 0.493801 0.421300 0.497430 0.422583 0.518899 0.422156 0.521923 0.420873 0.523435 0.417879 0.523435 0.410607 0.522528 0.405475 0.522830 0.384517 0.521923 0.354149 0.522830 0.339179 0.522226 0.331052 0.522830 0.322498 0.526459 0.322070 0.527366 0.320787 0.529181 0.311805 0.531297 0.307528 0.535228 0.308811 0.539159 0.312660 0.547021 0.308811 0.553674 0.317365 0.553674 0.325920 0.555186 0.328914 0.556396 0.326775 0.557000 0.313088
0 0.582099 0.277160 0.580284 0.276305 0.574539 0.277160 0.564258 0.275877 0.560931 0.278015 0.560327 0.281865 0.560327 0.291275 0.560931 0.295979 0.559722 0.299401 0.557605 0.301112 0.558512 0.301967 0.559419 0.304534 0.559419 0.318648 0.560931 0.328058 0.560931 0.330197 0.560327 0.331052 0.556093 0.331480 0.552464 0.330197 0.548231 0.329769 0.543393 0.330624 0.536135 0.328914 0.530692 0.329341 0.527366 0.326775 0.524947 0.327203 0.523133 0.329341 0.523133 0.331052 0.524342 0.334474 0.523435 0.349444 0.523435 0.372968 0.524040 0.381095 0.523737 0.418734 0.524645 0.421300 0.525552 0.422156 0.528576 0.422583 0.535531 0.421300 0.540067 0.423011 0.548533 0.423011 0.552767 0.424722 0.554581 0.423867 0.560327 0.423867 0.564560 0.421300 0.580889 0.422156 0.583308 0.419589 0.583308 0.369547 0.582703 0.364842 0.583611 0.359709 0.583611 0.328914 0.584215 0.305389 0.583913 0.281009
0 0.402480 0.224551 0.402782 0.244654 0.401875 0.271600 0.403992 0.281009 0.406411 0.283576 0.410644 0.280582 0.431509 0.279726 0.433928 0.283148 0.433928 0.289991 0.432416 0.295979 0.434230 0.298973 0.436347 0.299829 0.443302 0.299401 0.446326 0.297690 0.447233 0.294269 0.445721 0.290419 0.445721 0.287853 0.447838 0.284859 0.456305 0.286142 0.459026 0.284003 0.460841 0.272455 0.460841 0.263473 0.464469 0.259624 0.478379 0.259624 0.481705 0.258340 0.487148 0.259196 0.543393 0.258768 0.546417 0.263901 0.547626 0.271172 0.550650 0.270317 0.549743 0.267323 0.551860 0.264328 0.557000 0.262618 0.564258 0.263901 0.572120 0.263473 0.574841 0.266039 0.575446 0.270317 0.579679 0.270317 0.582401 0.267750 0.584820 0.260479 0.583308 0.222840 0.581494 0.220701 0.564258 0.221557 0.560629 0.220274 0.560024 0.215141 0.562443 0.207870 0.561839 0.203593 0.560024 0.201882 0.555186 0.201454 0.552162 0.199743 0.507106 0.201882 0.480798 0.201454 0.477472 0.200171 0.456002 0.201027 0.443000 0.199743 0.436347 0.201882 0.436650 0.211292 0.435138 0.214286 0.431207 0.216424 0.427880 0.215569 0.425461 0.212575 0.430299 0.207015 0.429392 0.202310 0.426066 0.201882 0.423949 0.205304 0.422437 0.201882 0.420623 0.200599 0.413366 0.200599 0.410946 0.201882 0.411249 0.206587 0.408830 0.213430 0.409737 0.217707 0.405201 0.219846
0 0.588449 0.219846 0.586030 0.224123 0.586332 0.260479 0.585425 0.266467 0.585727 0.482891 0.586937 0.486313 0.588449 0.487596 0.614757 0.487169 0.624735 0.488879 0.633807 0.488879 0.636831 0.485885 0.637738 0.482891 0.637436 0.224123 0.635017 0.220701 0.630178 0.219846 0.617176 0.220274 0.602661 0.218135 0.596916 0.218135
0 0.639552 0.405047 0.639250 0.447819 0.640460 0.458512 0.641367 0.461506 0.642576 0.462789 0.774418 0.462789 0.776535 0.460222 0.776837 0.408041 0.775930 0.402481 0.775023 0.400770 0.641972 0.400770 0.640157 0.402908
0 0.775325 0.174936 0.769277 0.173653 0.739038 0.175364 0.646205 0.174508 0.640762 0.180496 0.639552 0.188195 0.640460 0.194611 0.639855 0.199316 0.640460 0.207870 0.638040 0.226262 0.639250 0.231822 0.638645 0.252352 0.639552 0.258768 0.639250 0.325064 0.640157 0.329341 0.640157 0.371257 0.641669 0.374679 0.705473 0.377246 0.741458 0.377246 0.744784 0.376390 0.775627 0.376818 0.778349 0.374252 0.778954 0.372113 0.778349 0.344739 0.778954 0.334046 0.778047 0.324209 0.777744 0.187340 0.776837 0.178785
0 0.776232 0.759624 0.774418 0.758340 0.771696 0.757913 0.759298 0.758768 0.754460 0.760051 0.723617 0.759624 0.723314 0.759196 0.706380 0.758768 0.706078 0.758340 0.702449 0.758340 0.698821 0.759624 0.698216 0.760479 0.697006 0.767322 0.697006 0.773311 0.696704 0.773738 0.697006 0.782720 0.697914 0.787425 0.697611 0.801540 0.698216 0.804962 0.698216 0.819504 0.698518 0.819932 0.698216 0.825064 0.697611 0.827630 0.697914 0.835757 0.699123 0.837468 0.703357 0.839179 0.707892 0.839179 0.708195 0.839607 0.711521 0.838751 0.716662 0.838751 0.716964 0.839179 0.748412 0.838751 0.755367 0.839607 0.759298 0.839607 0.761415 0.838751 0.766556 0.838751 0.769277 0.839607 0.775627 0.839607 0.776837 0.838751 0.778349 0.835757 0.778651 0.833191 0.778651 0.824209 0.778349 0.823781 0.778651 0.820787 0.778651 0.811805 0.778349 0.811377 0.778651 0.809666 0.778651 0.801540 0.778349 0.801112 0.778651 0.767750