0 0.725406 0.215840 0.721985 0.214329 0.708298 0.215840 0.645851 0.215236 0.596664 0.216143 0.571856 0.215236 0.568007 0.217050 0.565013 0.220979 0.559025 0.217654 0.539350 0.218863 0.534217 0.217654 0.516253 0.217352 0.506416 0.218863 0.479470 0.216747 0.471771 0.217956 0.468349 0.221584 0.467066 0.228839 0.468349 0.236699 0.467921 0.265417 0.469632 0.270254 0.467066 0.277811 0.467921 0.300181 0.469632 0.301693 0.474765 0.302902 0.484174 0.301693 0.491018 0.305623 0.489735 0.313785 0.493157 0.319528 0.493157 0.337969 0.499145 0.341294 0.509838 0.340387 0.515826 0.342201 0.541061 0.341596 0.556459 0.349154 0.573139 0.345828 0.600086 0.346735 0.615056 0.348851 0.621899 0.343712 0.624465 0.343410 0.630453 0.354293 0.620616 0.359734 0.630881 0.362757 0.636014 0.359734 0.633447 0.353990 0.635586 0.350060 0.634303 0.342201 0.640291 0.339480 0.716424 0.340085 0.724123 0.341294 0.730967 0.335550 0.730111 0.330411 0.731822 0.325877 0.732250 0.314692 0.729256 0.305925 0.731394 0.301693 0.730539 0.298972 0.726262 0.301995 0.723268 0.301391 0.723696 0.298368 0.726689 0.297158 0.726689 0.293833 0.723696 0.291112 0.723696 0.287787 0.726689 0.286276 0.727545 0.283857 0.721129 0.278718 0.726689 0.261790 0.724551 0.245163 0.724979 0.236397 0.727117 0.230048 0.727117 0.219166
0 0.377673 0.217956 0.376818 0.218863 0.376818 0.221282 0.378956 0.225212 0.378956 0.231258 0.378101 0.233071 0.377673 0.236699 0.377673 0.272975 0.378101 0.273277 0.377673 0.298670 0.378956 0.301693 0.382806 0.303204 0.393071 0.303204 0.398204 0.302297 0.401625 0.302297 0.408469 0.303507 0.425150 0.303809 0.442686 0.301391 0.454662 0.301693 0.459367 0.301088 0.462361 0.299274 0.463644 0.296856 0.463644 0.293531 0.462361 0.290206 0.462361 0.267836 0.463644 0.261790 0.463644 0.258767 0.462361 0.255139 0.461933 0.250302 0.462361 0.235490 0.461506 0.232164 0.461933 0.223700 0.461078 0.218561 0.458512 0.217050 0.452951 0.216143 0.445680 0.216445 0.383661 0.216143
0 0.294696 0.217956 0.293413 0.220073 0.294696 0.228839 0.295552 0.273579 0.296407 0.275695 0.295124 0.281137 0.295979 0.288392 0.295552 0.299879 0.297690 0.304414 0.301112 0.305623 0.322926 0.305320 0.339179 0.306227 0.365697 0.306227 0.376818 0.305018 0.384517 0.301391 0.390932 0.302902 0.409324 0.302600 0.415312 0.304111 0.420017 0.304111 0.423867 0.303507 0.433276 0.303809 0.442258 0.301995 0.457656 0.302297 0.461506 0.300484 0.463216 0.296554 0.461506 0.289299 0.461078 0.281137 0.461933 0.267231 0.460650 0.249093 0.461506 0.230048 0.459795 0.221282 0.457656 0.218863 0.449102 0.217352 0.426861 0.218259 0.415740 0.217654 0.409324 0.219468 0.415312 0.223700 0.415740 0.225212 0.414457 0.226723 0.408896 0.230653 0.400770 0.230955 0.389222 0.234885 0.384944 0.241233 0.382378 0.238210 0.381523 0.230955 0.378956 0.225816 0.378956 0.223700 0.381523 0.219770 0.379812 0.217654 0.368263 0.215236 0.301112 0.215840
0 0.208725 0.217352 0.206159 0.219166 0.207442 0.225514 0.207442 0.234885 0.204448 0.238815 0.203165 0.242140 0.204021 0.247582 0.203165 0.260580 0.204021 0.284764 0.205731 0.288089 0.205731 0.289903 0.203593 0.293531 0.203593 0.297158 0.204876 0.299879 0.203593 0.308041 0.205304 0.311669 0.204448 0.319831 0.205731 0.323458 0.204448 0.334643 0.205304 0.338271 0.207870 0.341596 0.210436 0.342805 0.217707 0.341294 0.228400 0.341596 0.242087 0.339782 0.249786 0.341898 0.255774 0.341898 0.266895 0.340689 0.278871 0.340387 0.291275 0.338573 0.292985 0.337969 0.295124 0.335852 0.293413 0.325272 0.293413 0.312576 0.294696 0.307739 0.293841 0.283253 0.295124 0.276602 0.295124 0.269649 0.293841 0.266022 0.294269 0.247279 0.292985 0.243954 0.293413 0.234281 0.292558 0.231560 0.292558 0.223700 0.286570 0.218863 0.284003 0.217956 0.269889 0.217050 0.257485 0.217654 0.252780 0.216747 0.242087 0.217654 0.238238 0.217050 0.224123 0.217050 0.220701 0.216445 0.215141 0.216445
0 0.289136 0.344619 0.287425 0.348247 0.287425 0.353083 0.287853 0.353386 0.287425 0.359734 0.287853 0.360036 0.288281 0.371524 0.286997 0.376058 0.286997 0.389964 0.285287 0.393289 0.285287 0.394498 0.286142 0.395103 0.290419 0.396312 0.297690 0.397521 0.322498 0.397823 0.322926 0.398126 0.349444 0.398126 0.349872 0.397823 0.351155 0.398126 0.362703 0.398126 0.363131 0.397823 0.376818 0.398126 0.377246 0.397823 0.390932 0.397521 0.393926 0.396312 0.395637 0.393591 0.396065 0.388452 0.397776 0.383313 0.397348 0.373035 0.396920 0.372733 0.396920 0.353386 0.398631 0.348549 0.398204 0.346131 0.395210 0.343410 0.391360 0.342201 0.378529 0.342201 0.370830 0.343108 0.366125 0.343108 0.358426 0.341898 0.341317 0.342503 0.340890 0.342201 0.332763 0.342201 0.325064 0.341294 0.320359 0.341898 0.313516 0.341898 0.304106 0.340992 0.299401 0.340992 0.293413 0.342201 0.291702 0.342805
0 0.423011 0.358223 0.422156 0.359432 0.422156 0.367291 0.421728 0.367594 0.421728 0.369710 0.421300 0.370012 0.421300 0.373337 0.420873 0.373640 0.420873 0.378779 0.421300 0.379081 0.421728 0.386336 0.422156 0.386638 0.422156 0.387848 0.423439 0.389057 0.424294 0.389359 0.429855 0.389359 0.430282 0.389057 0.437126 0.389057 0.437553 0.389359 0.440547 0.389359 0.440975 0.389661 0.444825 0.389661 0.445252 0.389359 0.450813 0.389359 0.451240 0.389057 0.453379 0.389057 0.457228 0.387545 0.459795 0.387545 0.462789 0.389057 0.464072 0.389057 0.465355 0.389661 0.468777 0.389964 0.469204 0.390266 0.472198 0.390266 0.472626 0.390568 0.478614 0.390568 0.479042 0.390871 0.482891 0.390871 0.484602 0.390266 0.485458 0.389057 0.485885 0.386941 0.485458 0.386638 0.485458 0.384825 0.485030 0.384522 0.485030 0.379081 0.485458 0.378779 0.485458 0.377267 0.485030 0.376965 0.485030 0.374849 0.484602 0.374547 0.484602 0.372430 0.484174 0.372128 0.484174 0.363362 0.483747 0.363059 0.483747 0.361245 0.483319 0.360943 0.483319 0.360339 0.482464 0.359129 0.481608 0.358525 0.479897 0.358223 0.479470 0.357920 0.468349 0.357920 0.467921 0.358223 0.443114 0.358223 0.442686 0.357920 0.431138 0.357920 0.430710 0.357618 0.427288 0.357316 0.426861 0.357013 0.425150 0.357013
0 0.484602 0.306832 0.484174 0.305925 0.481608 0.304414 0.475192 0.304414 0.468349 0.303204 0.464500 0.303204 0.458084 0.304414 0.441831 0.304414 0.430282 0.305320 0.414457 0.304716 0.408896 0.305320 0.381950 0.305320 0.376390 0.305925 0.363986 0.305925 0.354577 0.306530 0.337040 0.305623 0.327203 0.306227 0.307956 0.306227 0.303251 0.305320 0.300257 0.305320 0.297690 0.307134 0.298118 0.311971 0.295552 0.318924 0.295552 0.326179 0.294696 0.330411 0.295552 0.337062 0.296835 0.339178 0.300257 0.340689 0.325920 0.340085 0.330624 0.340992 0.377246 0.340387 0.382378 0.341294 0.391788 0.341294 0.399487 0.340085 0.413601 0.340992 0.419589 0.340992 0.426005 0.340085 0.431993 0.341294 0.442686 0.341294 0.447819 0.342201 0.459367 0.341898 0.464072 0.342503 0.474765 0.342503 0.477759 0.341898 0.480325 0.340387 0.482464 0.336155 0.482036 0.329504 0.484174 0.326179 0.485030 0.323156
0 0.645851 0.571040 0.644140 0.569831 0.642002 0.569528 0.638152 0.566808 0.634303 0.564994 0.631309 0.564389 0.624893 0.564389 0.623610 0.563482 0.622755 0.561971 0.622327 0.558646 0.621471 0.557437 0.619760 0.556227 0.616767 0.555320 0.611634 0.555018 0.606929 0.553204 0.606074 0.553204 0.604790 0.554111 0.601369 0.555018 0.599230 0.555018 0.598802 0.555320 0.591103 0.555320 0.590676 0.555623 0.586826 0.555623 0.586399 0.555925 0.582121 0.556227 0.575278 0.558646 0.574423 0.561971 0.573139 0.563785 0.568435 0.566808 0.566724 0.569226 0.566724 0.572854 0.568007 0.576179 0.568007 0.584643 0.568435 0.584946 0.568435 0.587666 0.568862 0.587969 0.568862 0.591596 0.568435 0.591898 0.568862 0.598247 0.569290 0.598549 0.569290 0.603990 0.568862 0.604293 0.568862 0.608525 0.568435 0.608827 0.568862 0.611245 0.569718 0.611850 0.572712 0.612757 0.584688 0.612757 0.585115 0.612455 0.587254 0.612455 0.587682 0.612152 0.589393 0.612152 0.594098 0.611245 0.596236 0.611245 0.599658 0.610339 0.608212 0.610339 0.612489 0.609432 0.613772 0.608827 0.617194 0.608827 0.618477 0.609432 0.624893 0.610943 0.630453 0.610943 0.633020 0.610339 0.639008 0.607920 0.640291 0.607920 0.642002 0.607316 0.643713 0.607316 0.647562 0.606409 0.649273 0.604897 0.649701 0.598851 0.649273 0.598549 0.648845 0.595224 0.647990 0.593410 0.647562 0.585550 0.644996 0.582225 0.646707 0.578295 0.646707 0.573761 0.646279 0.573458
0 0.476476 0.668077 0.473909 0.666868 0.467066 0.666868 0.458512 0.668984 0.447391 0.667473 0.433276 0.668077 0.422156 0.667775 0.414457 0.668380 0.390077 0.668380 0.381950 0.669589 0.379384 0.670798 0.376818 0.672914 0.375535 0.675332 0.376390 0.679565 0.376390 0.687727 0.378529 0.693168 0.383234 0.696191 0.385800 0.699214 0.385800 0.701028 0.382378 0.709794 0.382378 0.712213 0.384517 0.716747 0.384517 0.721886 0.383234 0.726421 0.383234 0.728537 0.385372 0.730955 0.394782 0.732769 0.399487 0.736094 0.401625 0.736699 0.405047 0.736094 0.407613 0.734885 0.412318 0.739722 0.416595 0.741233 0.427716 0.743652 0.434559 0.746977 0.440975 0.743954 0.450813 0.743954 0.457228 0.739722 0.463216 0.743047 0.470915 0.743349 0.474337 0.742745 0.476048 0.740024 0.476903 0.731258 0.476048 0.715840 0.473909 0.713422 0.466210 0.713724 0.459367 0.716143 0.454234 0.715538 0.450385 0.712515 0.449530 0.707074 0.451240 0.704958 0.470060 0.704958 0.473909 0.704353 0.476903 0.699819 0.476903 0.695284 0.473909 0.690750 0.457228 0.685913 0.452951 0.683192 0.452524 0.681681 0.456801 0.678356 0.459367 0.678356 0.466210 0.681076 0.473482 0.681378 0.476048 0.678960 0.477759 0.674426 0.477759 0.670193
0 0.384517 0.564087 0.384089 0.566505 0.384944 0.568319 0.390932 0.567110 0.405047 0.567412 0.408896 0.568319 0.410180 0.570133 0.404619 0.572249 0.393071 0.573458 0.384944 0.572854 0.381950 0.591596 0.381950 0.610339 0.384944 0.621524 0.382806 0.638754 0.384089 0.647219 0.382378 0.651451 0.381950 0.657799 0.376818 0.662636 0.376818 0.667171 0.381950 0.669891 0.391788 0.668984 0.399914 0.667171 0.409324 0.667473 0.417879 0.668682 0.428999 0.668077 0.442686 0.668682 0.453807 0.665357 0.456373 0.663845 0.457228 0.662334 0.462361 0.665357 0.467066 0.666264 0.474765 0.666566 0.476903 0.664450 0.476903 0.661427 0.475620 0.655985 0.473909 0.652963 0.473909 0.629686 0.471343 0.618198 0.473482 0.609432 0.473482 0.597340 0.472198 0.587666 0.473482 0.584643 0.473482 0.575574 0.470915 0.568924 0.467921 0.567412 0.452951 0.568319 0.452096 0.567715 0.452096 0.566203 0.449102 0.564692 0.441403 0.564389 0.435415 0.562878 0.431993 0.562878 0.426005 0.564389 0.418306 0.562576 0.412746 0.562878 0.409752 0.563785 0.402481 0.562878 0.390077 0.562878
0 0.525438 0.759429 0.464022 0.759429 0.462926 0.747802 0.490344 0.743152 0.488150 0.706721 0.530922 0.707496
0 0.478186 0.565901 0.476476 0.569528 0.476903 0.580411 0.476476 0.580713 0.476476 0.587666 0.476048 0.587969 0.476048 0.601874 0.476476 0.602177 0.476476 0.606409 0.477331 0.610641 0.477331 0.617896 0.477759 0.618198 0.477759 0.628174 0.477331 0.628779 0.477759 0.629081 0.477759 0.632104 0.479042 0.634825 0.482036 0.636638 0.495295 0.636336 0.500428 0.637545 0.508982 0.637848 0.512831 0.636941 0.516681 0.636941 0.517109 0.636638 0.523097 0.637243 0.533790 0.637243 0.539778 0.636638 0.558169 0.637243 0.560308 0.636638 0.562447 0.634825 0.563302 0.631499 0.563302 0.625151 0.562447 0.621221 0.562447 0.602781 0.564585 0.595828 0.564585 0.581923 0.565013 0.581620 0.565013 0.572249 0.565441 0.571947 0.565013 0.568319 0.564157 0.566505 0.561591 0.565296 0.558597 0.564692 0.538494 0.564692 0.533790 0.565599 0.481608 0.564692
0 0.482036 0.636638 0.479897 0.638150 0.478614 0.641475 0.478614 0.653567 0.480325 0.658102 0.481181 0.664147 0.477759 0.676542 0.477759 0.680472 0.479470 0.693168 0.482036 0.698609 0.481608 0.703446 0.482036 0.708283 0.484174 0.711004 0.484174 0.713422 0.482891 0.716747 0.484174 0.717352 0.484602 0.708888 0.487169 0.705260 0.490163 0.702842 0.492729 0.704051 0.494012 0.706167 0.498289 0.709794 0.500855 0.709794 0.505988 0.706771 0.508982 0.706167 0.513687 0.707981 0.520103 0.712817 0.523097 0.713724 0.525235 0.713724 0.529085 0.712213 0.530796 0.710701 0.532079 0.705260 0.534645 0.702842 0.537211 0.699214 0.536356 0.694680 0.536356 0.689238 0.537211 0.685006 0.538067 0.683797 0.538067 0.681076 0.533790 0.675937 0.533790 0.674426 0.535500 0.671100 0.534645 0.659311 0.536784 0.657497 0.547049 0.654172 0.550043 0.654172 0.556031 0.655985 0.559880 0.655985 0.562447 0.655079 0.564585 0.652358 0.563730 0.646312 0.564157 0.644196 0.563730 0.640266 0.561591 0.638452 0.557314 0.637545 0.547049 0.638150 0.542344 0.637545 0.504705 0.637243 0.500428 0.638150 0.492729 0.636336
0 0.696525 0.762530 0.561629 0.759429 0.545179 0.677266 0.570403 0.669515 0.574790 0.612931 0.702008 0.615257