0 0.250680 0.582977 0.248866 0.587254 0.248564 0.603507 0.249168 0.622327 0.248564 0.642002 0.249168 0.649701 0.248261 0.657399 0.248866 0.718563 0.249471 0.722412 0.253402 0.725834 0.258542 0.727973 0.273057 0.736955 0.291805 0.745509 0.298155 0.749786 0.312065 0.756202 0.315089 0.759196 0.320532 0.760051 0.321742 0.758340 0.322347 0.752352 0.322649 0.700599 0.321439 0.675364 0.321439 0.668092 0.322347 0.664243 0.322649 0.636869 0.321439 0.626604 0.322044 0.609495 0.321137 0.586826 0.320532 0.585543 0.318113 0.584260 0.301179 0.584260 0.294527 0.585115 0.289991 0.584260 0.281222 0.584260 0.279105 0.583405 0.265497 0.583405 0.263683 0.582549 0.252495 0.582121
0 0.250378 0.500855 0.248564 0.509410 0.249168 0.529940 0.248564 0.533362 0.248564 0.541061 0.248261 0.541488 0.248261 0.548760 0.248564 0.549187 0.248564 0.556031 0.248866 0.556459 0.248564 0.571429 0.249168 0.577844 0.250378 0.580838 0.250983 0.581266 0.281524 0.581266 0.281826 0.581694 0.287572 0.581694 0.287874 0.582121 0.295736 0.581694 0.298760 0.582977 0.304506 0.582977 0.304808 0.583405 0.309344 0.583405 0.309646 0.583832 0.317811 0.583405 0.319927 0.581694 0.320532 0.571429 0.320835 0.571001 0.320532 0.569290 0.320835 0.554748 0.320230 0.550898 0.320230 0.546193 0.321439 0.541061 0.321137 0.516681 0.321439 0.516253 0.321742 0.504277 0.321439 0.501711 0.320835 0.500428 0.319323 0.499572 0.314787 0.499572 0.312368 0.498717 0.310251 0.499145 0.290898 0.499145 0.290596 0.498717 0.268521 0.499145 0.268219 0.498717 0.265497 0.498717 0.263381 0.499572 0.253100 0.499145 0.250983 0.500000
0 0.325975 0.501711 0.325673 0.516253 0.325370 0.516681 0.325673 0.535500 0.326278 0.539350 0.325673 0.551754 0.325673 0.563730 0.325975 0.564157 0.325975 0.577844 0.327185 0.580411 0.328394 0.581266 0.344421 0.580838 0.344723 0.580411 0.364681 0.580411 0.364983 0.579983 0.377986 0.580411 0.385546 0.579555 0.403689 0.580411 0.407620 0.579555 0.410039 0.576989 0.410342 0.565868 0.409737 0.557742 0.409737 0.545338 0.409132 0.538067 0.408527 0.536356 0.409132 0.529085 0.408225 0.522669 0.408225 0.517964 0.409435 0.505988 0.408830 0.502566 0.407620 0.500855 0.405806 0.500000 0.400665 0.499145 0.397037 0.499145 0.394315 0.500000 0.384941 0.500000 0.382522 0.499145 0.377986 0.500000 0.366798 0.500000 0.366495 0.499572 0.349259 0.499572 0.348957 0.499145 0.344421 0.499572 0.344119 0.499145 0.330813 0.498717 0.328092 0.499145
0 0.448745 0.400770 0.447233 0.404619 0.446628 0.416595 0.447536 0.459795 0.446326 0.497434 0.446931 0.537211 0.446024 0.572284 0.447233 0.581694 0.447838 0.612062 0.449047 0.612917 0.452374 0.606929 0.469308 0.606501 0.474751 0.603935 0.491382 0.602652 0.534926 0.604790 0.543998 0.603507 0.555186 0.606929 0.564560 0.605646 0.565467 0.594098 0.563955 0.580411 0.564258 0.504705 0.563350 0.499572 0.558815 0.495723 0.547021 0.495295 0.540067 0.492729 0.523133 0.493584 0.518597 0.496151 0.514363 0.496151 0.507409 0.488879 0.509525 0.481181 0.508013 0.476903 0.504082 0.472198 0.504989 0.469204 0.517690 0.465783 0.526157 0.467921 0.528576 0.466638 0.531600 0.460222 0.530088 0.452524 0.530390 0.448246 0.535531 0.438409 0.538555 0.438837 0.539764 0.441831 0.542788 0.442258 0.543695 0.440975 0.544602 0.435843 0.542183 0.428999 0.542183 0.425150 0.543998 0.421728 0.546719 0.419589 0.552162 0.418306 0.553674 0.413601 0.553069 0.408469 0.548231 0.406330 0.544905 0.401198 0.542486 0.399914 0.475053 0.399059
0 0.410039 0.329341 0.409435 0.351583 0.410039 0.384517 0.410946 0.391360 0.413366 0.393071 0.436952 0.393499 0.444814 0.392643 0.446628 0.393499 0.465074 0.393926 0.495011 0.393499 0.498337 0.392643 0.499546 0.390077 0.498942 0.379812 0.499546 0.376818 0.501663 0.374252 0.505292 0.375107 0.518597 0.374679 0.521923 0.375535 0.560024 0.375535 0.561536 0.374252 0.562746 0.370830 0.562746 0.330624 0.561839 0.325920 0.559722 0.323781 0.546114 0.323353 0.544300 0.324209 0.529785 0.323781 0.526761 0.324636 0.513759 0.324636 0.511037 0.323781 0.478682 0.323353 0.468400 0.324636 0.413366 0.324636 0.410946 0.325920
0 0.332023 0.323353 0.331721 0.325920 0.332325 0.328486 0.332325 0.331052 0.331116 0.336185 0.331116 0.344739 0.330813 0.345167 0.331116 0.363131 0.331418 0.363559 0.331418 0.375535 0.331116 0.375962 0.330813 0.389222 0.332325 0.394354 0.334442 0.395210 0.337768 0.395210 0.338071 0.395637 0.350166 0.395210 0.350469 0.394782 0.355307 0.394782 0.355609 0.395210 0.374962 0.394782 0.375265 0.395210 0.378288 0.395210 0.381917 0.394354 0.397641 0.395210 0.397944 0.394782 0.404596 0.394354 0.406108 0.393499 0.407620 0.390932 0.407923 0.389222 0.407620 0.368691 0.407318 0.368263 0.407620 0.355860 0.406713 0.349444 0.406713 0.340462 0.407318 0.337896 0.407620 0.324636 0.406411 0.320787 0.405503 0.320359 0.390384 0.319932 0.387360 0.321642 0.384034 0.321642 0.377986 0.319932 0.373450 0.319932 0.369217 0.321642 0.365588 0.321642 0.360750 0.319932 0.356214 0.319932 0.353493 0.321215 0.348654 0.321642 0.345630 0.320787 0.340187 0.320787 0.337466 0.319504 0.335954 0.319504 0.332930 0.321642
0 0.440581 0.460222 0.439976 0.442686 0.439069 0.436270 0.438766 0.400770 0.438161 0.398204 0.436650 0.396493 0.432114 0.396065 0.423647 0.396920 0.413970 0.396920 0.410039 0.398631 0.394013 0.399487 0.380103 0.398631 0.348957 0.398631 0.347142 0.399487 0.345630 0.401625 0.345630 0.422156 0.345933 0.423439 0.347142 0.424294 0.350166 0.424722 0.356819 0.423867 0.361657 0.424722 0.364379 0.423439 0.367705 0.423439 0.376172 0.424722 0.390989 0.424722 0.394315 0.426433 0.395222 0.429427 0.394920 0.443969 0.395222 0.460650 0.396129 0.470488 0.395827 0.483319 0.397641 0.486741 0.400968 0.486313 0.403689 0.484174 0.404294 0.482891 0.402177 0.476476 0.402480 0.470488 0.401875 0.467494 0.401875 0.465355 0.402480 0.463644 0.403689 0.462361 0.406411 0.461506 0.420018 0.461933 0.423042 0.460650 0.429090 0.460650 0.430904 0.461506 0.439673 0.461933
0 0.443302 0.526518 0.440581 0.523524 0.436650 0.524808 0.432114 0.523952 0.418506 0.524808 0.415482 0.523097 0.414273 0.524380 0.412761 0.532079 0.413063 0.578700 0.410946 0.583832 0.406108 0.585115 0.404596 0.587254 0.405201 0.601369 0.404596 0.606929 0.403084 0.609923 0.399758 0.610778 0.352585 0.611206 0.331418 0.610351 0.328697 0.608640 0.328092 0.609068 0.325975 0.615056 0.326278 0.630026 0.325370 0.635586 0.325068 0.652695 0.325975 0.663387 0.330209 0.671942 0.333233 0.673225 0.360750 0.672797 0.367402 0.673653 0.386453 0.673653 0.389174 0.672797 0.407620 0.673653 0.412156 0.672797 0.416087 0.673653 0.436650 0.674080 0.439069 0.670231 0.439976 0.662104 0.443907 0.658683 0.443000 0.653550 0.444209 0.646707 0.444512 0.620616 0.443604 0.614200 0.443907 0.579555 0.443302 0.577844 0.443000 0.567151 0.443302 0.551754 0.443907 0.548760
0 0.567584 0.082977 0.564258 0.078272 0.562443 0.068862 0.557000 0.067151 0.551557 0.069718 0.547021 0.068435 0.538857 0.070573 0.534624 0.073567 0.520714 0.070573 0.504687 0.071001 0.495313 0.068862 0.482008 0.068862 0.474448 0.072712 0.457212 0.074423 0.452071 0.071001 0.448140 0.076989 0.443604 0.073139 0.432114 0.075278 0.427880 0.070145 0.381917 0.070145 0.364983 0.073139 0.324766 0.069718 0.322649 0.071856 0.323556 0.103080 0.324766 0.111206 0.327790 0.108640 0.328999 0.111634 0.330209 0.135158 0.329302 0.143285 0.332628 0.153550 0.328999 0.165954 0.331116 0.219418 0.335954 0.224979 0.340187 0.221985 0.366193 0.222840 0.374357 0.220701 0.383127 0.222412 0.397641 0.220274 0.402177 0.223695 0.436347 0.224123 0.460841 0.220701 0.462353 0.218991 0.461445 0.211719 0.465679 0.208725 0.468703 0.212147 0.465981 0.218135 0.468400 0.224551 0.467191 0.232678 0.465376 0.305389 0.466888 0.318648 0.472331 0.322926 0.497732 0.322070 0.503175 0.312660 0.503175 0.295552 0.505897 0.290419 0.534019 0.292558 0.544602 0.289136 0.546114 0.274594 0.544602 0.236099 0.547929 0.232250 0.559419 0.233961 0.563048 0.228400 0.564258 0.089393 0.567584 0.086399
0 0.445116 0.230967 0.441488 0.227973 0.433928 0.228400 0.423647 0.227545 0.418809 0.229256 0.411249 0.229256 0.408527 0.227973 0.405201 0.227973 0.403689 0.228828 0.399758 0.227973 0.380405 0.227973 0.371636 0.229256 0.359540 0.227973 0.337164 0.228400 0.332930 0.229256 0.331721 0.230967 0.331418 0.235672 0.331418 0.260907 0.330813 0.266467 0.330813 0.292130 0.332023 0.308383 0.332930 0.310950 0.340187 0.312233 0.366193 0.312233 0.369822 0.311377 0.372845 0.312660 0.382824 0.312233 0.385243 0.310950 0.387360 0.310950 0.392198 0.313088 0.400968 0.312233 0.406108 0.313088 0.410039 0.315654 0.413063 0.316510 0.415482 0.318648 0.418809 0.318221 0.422740 0.319932 0.428183 0.319504 0.430904 0.320359 0.440581 0.320359 0.442697 0.317365 0.443907 0.308811 0.443907 0.288281 0.443000 0.277160 0.443907 0.274594 0.444814 0.266895
0 0.677653 0.450385 0.675537 0.452096 0.670699 0.465355 0.670094 0.471771 0.664651 0.488024 0.664046 0.494440 0.658301 0.511121 0.657091 0.519247 0.646205 0.556886 0.644088 0.569290 0.640460 0.578272 0.637133 0.593242 0.638645 0.605218 0.636831 0.608640 0.635319 0.619760 0.631086 0.637297 0.627457 0.646279 0.622619 0.666809 0.619897 0.673653 0.619897 0.682207 0.622014 0.685629 0.625643 0.686056 0.630178 0.689478 0.643181 0.695038 0.661929 0.706587 0.668279 0.708725 0.687935 0.719846 0.692168 0.721129 0.697006 0.725406 0.704264 0.729256 0.709404 0.729684 0.713638 0.732250 0.715452 0.728828 0.718476 0.712575 0.722105 0.705731 0.720593 0.700171 0.721197 0.692900 0.725431 0.688623 0.726338 0.684773 0.728757 0.681779 0.727245 0.676219 0.728757 0.672797 0.729967 0.663815 0.733293 0.659110 0.734200 0.652695 0.738131 0.647562 0.742365 0.634303 0.764439 0.547476 0.764741 0.543199 0.766858 0.539350 0.771999 0.523097 0.775930 0.505988 0.774720 0.503849 0.765044 0.497006 0.749320 0.489735 0.729060 0.477331 0.712126 0.469204 0.700635 0.461506 0.688237 0.455518 0.684004 0.451668
0 0.693378 0.381523 0.688842 0.398631 0.687632 0.400342 0.684306 0.401198 0.682492 0.403336 0.680677 0.410607 0.678258 0.416595 0.675537 0.428999 0.675537 0.431565 0.677049 0.437981 0.682492 0.444825 0.688237 0.448674 0.699728 0.452951 0.703961 0.456373 0.711219 0.460650 0.719383 0.463216 0.727850 0.468777 0.733595 0.470915 0.737829 0.474337 0.742365 0.475620 0.745691 0.478614 0.751436 0.481181 0.754763 0.483747 0.762927 0.486741 0.769580 0.491446 0.778047 0.494867 0.779861 0.493157 0.782582 0.482464 0.784699 0.476476 0.786211 0.469204 0.788630 0.462361 0.790445 0.454234 0.792864 0.447819 0.793468 0.443114 0.795585 0.435843 0.796190 0.430282 0.795283 0.428999 0.791654 0.428999 0.788630 0.426861 0.782885 0.425150 0.778047 0.420873 0.775627 0.420445 0.773813 0.419162 0.771394 0.415740 0.762322 0.413601 0.753251 0.408469 0.749320 0.407186 0.741155 0.401625 0.738434 0.401198 0.730874 0.396065 0.724826 0.393926 0.723314 0.392643 0.720593 0.391788 0.716359 0.388366 0.710916 0.385372 0.706985 0.384089 0.699425 0.378101 0.696099 0.378101
0 0.712428 0.308811 0.710009 0.320359 0.708799 0.322498 0.705473 0.324209 0.702752 0.329341 0.697309 0.352010 0.697309 0.354577 0.698821 0.358426 0.698821 0.360565 0.697611 0.365697 0.697914 0.369974 0.698821 0.372113 0.701845 0.374679 0.704566 0.375535 0.710311 0.379384 0.716662 0.381523 0.720593 0.384944 0.726640 0.388366 0.736619 0.392643 0.742667 0.396920 0.749924 0.399914 0.754763 0.403336 0.758391 0.404192 0.772604 0.413174 0.779558 0.416168 0.785304 0.420017 0.791654 0.422583 0.794980 0.426005 0.796190 0.426005 0.798004 0.423867 0.800121 0.419162 0.802238 0.410180 0.804959 0.402908 0.809495 0.384517 0.813124 0.375107 0.814938 0.363986 0.814333 0.361420 0.812821 0.359281 0.807983 0.358854 0.805262 0.356287 0.799516 0.354149 0.783792 0.344739 0.780768 0.343884 0.775627 0.340890 0.769277 0.339606 0.758089 0.331908 0.745691 0.327203 0.742062 0.323353 0.737224 0.320787 0.733898 0.316938 0.729664 0.316082 0.725431 0.312660 0.720895 0.311377 0.716964 0.307956 0.713335 0.307956