0 0.124173 0.137857 0.122971 0.149808 0.120265 0.156210 0.120265 0.160905 0.123271 0.166880 0.123271 0.173709 0.127480 0.175416 0.129886 0.178404 0.138004 0.172002 0.140409 0.174989 0.145219 0.176270 0.145821 0.178404 0.142213 0.183952 0.134696 0.181391 0.130186 0.184379 0.125376 0.183099 0.121768 0.187367 0.120866 0.190354 0.120866 0.231327 0.119062 0.240717 0.118761 0.264618 0.121467 0.271447 0.121467 0.285105 0.122971 0.288092 0.125376 0.289373 0.185508 0.291507 0.191521 0.290653 0.195731 0.294494 0.198737 0.291933 0.201143 0.291933 0.203548 0.294494 0.201744 0.298762 0.198437 0.299616 0.195731 0.297482 0.194829 0.300043 0.199339 0.307298 0.203247 0.305591 0.207757 0.306018 0.208960 0.303030 0.208960 0.294494 0.212267 0.288946 0.223091 0.290226 0.253157 0.289373 0.260373 0.290653 0.265785 0.290226 0.268791 0.288092 0.269994 0.279556 0.269693 0.251814 0.270595 0.244985 0.269693 0.233035 0.269994 0.205719 0.269393 0.187793 0.268190 0.182672 0.269092 0.177550 0.263379 0.171575 0.265785 0.167307 0.265785 0.165173 0.263379 0.160905 0.264582 0.155356 0.263379 0.150662 0.264582 0.139991 0.263981 0.136150 0.261876 0.134870 0.145219 0.133163 0.132892 0.134016
0 0.126879 0.311566 0.125977 0.313700 0.125075 0.320102 0.125075 0.323944 0.123271 0.331626 0.123271 0.337601 0.124775 0.341869 0.124474 0.344857 0.124775 0.359368 0.124173 0.364917 0.124775 0.367051 0.125676 0.368331 0.127781 0.369612 0.134696 0.369185 0.140108 0.370465 0.146723 0.370465 0.149128 0.371746 0.149429 0.373026 0.148827 0.379001 0.148527 0.408877 0.149729 0.418267 0.150631 0.419121 0.153337 0.419974 0.160253 0.419974 0.160553 0.419548 0.183403 0.419974 0.187613 0.419121 0.188515 0.416987 0.188515 0.410585 0.188815 0.410158 0.187913 0.340589 0.185809 0.335041 0.184606 0.333333 0.179796 0.329492 0.177992 0.326504 0.174684 0.318395 0.174384 0.313700 0.172880 0.311993 0.167468 0.309859 0.165364 0.309859 0.162658 0.311140 0.152736 0.310713 0.152435 0.310286 0.147925 0.310286 0.147625 0.310713 0.128382 0.310286
0 0.241732 0.427657 0.241130 0.430644 0.241130 0.466923 0.245640 0.479300 0.246843 0.481007 0.249248 0.482288 0.269092 0.481434 0.271798 0.484422 0.272399 0.486556 0.272099 0.488690 0.268791 0.492531 0.265785 0.493385 0.256765 0.492958 0.254660 0.495092 0.253758 0.499360 0.252856 0.500213 0.249248 0.496799 0.248046 0.498933 0.247144 0.504055 0.247144 0.507469 0.248647 0.511737 0.249248 0.512164 0.251954 0.510883 0.253758 0.510883 0.256164 0.512591 0.257667 0.512591 0.260974 0.510030 0.263680 0.513871 0.265484 0.514725 0.294949 0.514725 0.299158 0.513444 0.301864 0.511737 0.306675 0.514725 0.315394 0.514298 0.318100 0.512591 0.319603 0.512591 0.321407 0.514298 0.323512 0.514725 0.326819 0.513871 0.328623 0.511737 0.329224 0.507042 0.329525 0.486982 0.328623 0.460948 0.327721 0.452838 0.328022 0.435766 0.326819 0.433205 0.323512 0.432779 0.322008 0.428510 0.320806 0.426803 0.318100 0.425523 0.314492 0.425096 0.310583 0.427230 0.306675 0.424242 0.299459 0.423389 0.294648 0.424242 0.291341 0.423389 0.250752 0.423389 0.246542 0.424242 0.243235 0.425950
0 0.653337 0.515152 0.652435 0.515152 0.650932 0.517712 0.651533 0.526248 0.650932 0.529236 0.648527 0.531797 0.640409 0.530943 0.636801 0.533077 0.627480 0.530943 0.618160 0.532650 0.612147 0.531797 0.598316 0.532650 0.594408 0.531370 0.584486 0.532224 0.579675 0.531370 0.566446 0.531797 0.562838 0.530090 0.560433 0.531797 0.559531 0.535211 0.560132 0.566368 0.558629 0.575758 0.558028 0.595817 0.558328 0.606061 0.559531 0.615450 0.559832 0.664106 0.561636 0.667947 0.567949 0.668801 0.582682 0.667093 0.649128 0.667093 0.653037 0.668374 0.658449 0.664106 0.658148 0.588562 0.656043 0.582160 0.656344 0.575331 0.655743 0.573624 0.652435 0.572343 0.647023 0.579172 0.640409 0.583440 0.636200 0.589842 0.633494 0.591976 0.631690 0.591976 0.628984 0.586854 0.628984 0.582160 0.635298 0.568502 0.638004 0.565941 0.642514 0.558685 0.649429 0.554844 0.655141 0.546735 0.655141 0.539906 0.656043 0.536492 0.655141 0.530943 0.655743 0.523261 0.654540 0.517286
0 0.686109 0.549723 0.684907 0.552710 0.684907 0.559539 0.684005 0.564661 0.684606 0.578318 0.683103 0.583440 0.679495 0.588135 0.679495 0.593257 0.678292 0.597525 0.675887 0.600085 0.668972 0.601793 0.668070 0.600085 0.668972 0.593257 0.667769 0.587708 0.665063 0.583867 0.664161 0.584294 0.663259 0.586854 0.663259 0.598805 0.660253 0.618438 0.660253 0.663679 0.661455 0.665386 0.667168 0.666240 0.690018 0.665813 0.701443 0.666667 0.748647 0.666667 0.751052 0.665813 0.751654 0.664959 0.751353 0.657277 0.752255 0.653863 0.752255 0.627401 0.751654 0.623986 0.752255 0.600939 0.751654 0.595817 0.751954 0.585574 0.751353 0.574050 0.751954 0.571916 0.752856 0.553991 0.751954 0.551430 0.748046 0.547589 0.743536 0.548442 0.739627 0.547589 0.716476 0.547589 0.710162 0.548442 0.705953 0.546308 0.693626 0.546308 0.690619 0.548869
0 0.724293 0.434059 0.722790 0.436193 0.723091 0.439181 0.724895 0.445583 0.724895 0.448570 0.723391 0.452838 0.723391 0.454972 0.724594 0.462228 0.724293 0.465216 0.720084 0.468630 0.717980 0.469484 0.716476 0.471618 0.715875 0.474178 0.715274 0.480154 0.714071 0.481861 0.710764 0.483141 0.703548 0.483568 0.700240 0.484422 0.697835 0.486129 0.697234 0.486982 0.697234 0.488690 0.698136 0.489970 0.702946 0.493385 0.704750 0.495945 0.706254 0.500213 0.708659 0.503201 0.711365 0.504908 0.713770 0.504908 0.715274 0.507469 0.715274 0.513444 0.716476 0.518993 0.716777 0.524541 0.717980 0.528382 0.717980 0.530516 0.717078 0.532650 0.716777 0.535638 0.717078 0.536918 0.718280 0.538626 0.722189 0.541187 0.723692 0.541187 0.726097 0.539906 0.731810 0.539906 0.732111 0.540333 0.739928 0.541187 0.743836 0.539906 0.744137 0.540333 0.748647 0.540333 0.752255 0.539479 0.754660 0.536918 0.755562 0.531797 0.755562 0.526675 0.755262 0.526248 0.755562 0.505335 0.754961 0.503628 0.752856 0.501067 0.751954 0.500640 0.751353 0.499360 0.751654 0.492958 0.751954 0.492531 0.751954 0.486556 0.751654 0.486129 0.751052 0.470764 0.751954 0.467350 0.752255 0.462228 0.751954 0.461801 0.751353 0.450704 0.750150 0.447717 0.750150 0.446863 0.751052 0.446009 0.751654 0.443449 0.751353 0.437473 0.750752 0.435766 0.749248 0.434486 0.745640 0.433632 0.733915 0.434059 0.733614 0.433632 0.726999 0.433205
0 0.563740 0.435766 0.563740 0.447290 0.562838 0.450704 0.562237 0.465216 0.560132 0.470337 0.559531 0.474178 0.558629 0.486129 0.558629 0.495945 0.558028 0.499787 0.558028 0.518139 0.558930 0.522834 0.560734 0.526248 0.562237 0.527102 0.590198 0.527102 0.613951 0.526248 0.623873 0.527102 0.638004 0.525822 0.640710 0.524968 0.642213 0.523261 0.641912 0.516859 0.639206 0.512591 0.639206 0.507469 0.640409 0.502347 0.644919 0.495519 0.647925 0.493811 0.651834 0.489543 0.654841 0.487409 0.656945 0.483568 0.657246 0.457960 0.656344 0.452411 0.656344 0.448570 0.655743 0.447290 0.652435 0.445583 0.648527 0.448570 0.644017 0.449424 0.641311 0.450704 0.639507 0.450704 0.636500 0.448997 0.632592 0.448143 0.626879 0.442595 0.622069 0.434913 0.617258 0.432779 0.571858 0.432779 0.565845 0.433205
0 0.531269 0.328638 0.530667 0.330772 0.531870 0.347845 0.530667 0.352113 0.530667 0.355100 0.531269 0.357661 0.533373 0.361076 0.534275 0.364063 0.532772 0.372599 0.533073 0.376440 0.531870 0.381562 0.531870 0.383696 0.532772 0.385403 0.535177 0.387111 0.538785 0.387964 0.541191 0.387964 0.542995 0.387111 0.550812 0.387111 0.552916 0.385830 0.554720 0.385830 0.558930 0.387964 0.560132 0.389671 0.560734 0.392232 0.560734 0.396500 0.559832 0.400341 0.559832 0.407597 0.561636 0.413572 0.561636 0.417414 0.562538 0.419121 0.566446 0.420828 0.582682 0.419974 0.585388 0.420828 0.592002 0.420401 0.603127 0.421255 0.605532 0.419974 0.606434 0.418694 0.607336 0.408877 0.607637 0.387111 0.607035 0.382416 0.607637 0.378148 0.607937 0.365770 0.607035 0.359795 0.607336 0.354247 0.609140 0.352113 0.612147 0.351259 0.613951 0.349979 0.616657 0.346564 0.620265 0.344430 0.623873 0.338455 0.624775 0.335467 0.624775 0.330346 0.623572 0.327785 0.619062 0.326504 0.614853 0.329492 0.611846 0.328638 0.609140 0.326504 0.602826 0.324370 0.599519 0.324370 0.595009 0.323090 0.585689 0.323090 0.582081 0.323944 0.570355 0.323090 0.567047 0.324370 0.544799 0.324370 0.540890 0.323090 0.535779 0.324370 0.533373 0.326078
0 0.752255 0.311140 0.751353 0.309859 0.747444 0.309859 0.744438 0.309006 0.733614 0.309432 0.731810 0.310286 0.727901 0.308579 0.725496 0.308579 0.723091 0.309432 0.712568 0.309432 0.712267 0.309006 0.699639 0.309006 0.698136 0.309432 0.696933 0.310286 0.695430 0.312847 0.695430 0.317968 0.695129 0.318395 0.695430 0.319676 0.695430 0.338882 0.694528 0.343150 0.693325 0.344430 0.687312 0.343577 0.683403 0.342296 0.680397 0.342296 0.676488 0.343150 0.675286 0.344430 0.674684 0.346564 0.674684 0.349125 0.675286 0.352113 0.678894 0.360649 0.680998 0.363210 0.683103 0.364490 0.686711 0.368331 0.688815 0.369185 0.693626 0.369185 0.695129 0.370892 0.695129 0.375587 0.694829 0.376014 0.695129 0.381989 0.696031 0.383696 0.697835 0.384977 0.700240 0.384977 0.700541 0.385403 0.703848 0.385403 0.704149 0.384977 0.726999 0.385403 0.730307 0.383696 0.731810 0.383696 0.735117 0.385403 0.745039 0.385403 0.745340 0.385830 0.751353 0.386257 0.752255 0.385403 0.753157 0.383269 0.754059 0.378148 0.754059 0.374306 0.753758 0.373880 0.753758 0.326504 0.753458 0.326078 0.753458 0.318822
0 0.591702 0.234742 0.589597 0.234315 0.587192 0.235595 0.585989 0.235595 0.583885 0.234742 0.578172 0.234315 0.575165 0.235595 0.569152 0.235595 0.566747 0.236449 0.564041 0.235595 0.559832 0.235595 0.559531 0.236022 0.553217 0.235595 0.551112 0.236449 0.547204 0.236449 0.544799 0.235595 0.541191 0.235595 0.540890 0.235169 0.538184 0.235169 0.537883 0.234742 0.536981 0.235595 0.535779 0.240717 0.535779 0.244558 0.536380 0.246265 0.536380 0.249253 0.535779 0.250534 0.534877 0.255655 0.534576 0.262484 0.534275 0.262911 0.534275 0.267606 0.534877 0.271447 0.534877 0.273581 0.534576 0.274008 0.534576 0.281263 0.534877 0.281690 0.534576 0.289373 0.534877 0.289799 0.534877 0.294067 0.535177 0.294494 0.535177 0.303030 0.536079 0.307298 0.535779 0.312847 0.536981 0.315408 0.537583 0.315834 0.541191 0.315834 0.542694 0.316688 0.545701 0.316688 0.546001 0.317115 0.576368 0.317542 0.576669 0.317968 0.579375 0.317968 0.579675 0.317542 0.583283 0.317542 0.586891 0.315834 0.590800 0.316261 0.592604 0.314127 0.593506 0.310286 0.595610 0.305591 0.595610 0.301323 0.598016 0.294921 0.598016 0.292787 0.597414 0.289373 0.594708 0.285958 0.594107 0.284251 0.594107 0.278276 0.594408 0.277849 0.594107 0.271447 0.594708 0.267606 0.594708 0.263764 0.594408 0.263338 0.594107 0.256936 0.592002 0.249680 0.592002 0.247119 0.593205 0.243278 0.593205 0.239863 0.592904 0.239437 0.592904 0.236876
0 0.690619 0.137431 0.681299 0.137004 0.676789 0.137857 0.668972 0.132736 0.659651 0.132309 0.657547 0.133163 0.651533 0.132736 0.648226 0.134443 0.645821 0.137004 0.642814 0.137857 0.627480 0.138284 0.625376 0.140845 0.625376 0.173709 0.624775 0.177123 0.625376 0.198463 0.624474 0.222791 0.624775 0.230047 0.623873 0.235595 0.624173 0.254802 0.622971 0.260350 0.627781 0.269740 0.629886 0.275715 0.632592 0.279556 0.636801 0.279983 0.640108 0.283397 0.641010 0.283397 0.644618 0.277422 0.647625 0.280410 0.658148 0.279983 0.671076 0.280837 0.673782 0.279983 0.677691 0.279983 0.682201 0.280837 0.685508 0.279556 0.689116 0.279983 0.690319 0.279129 0.691221 0.276569 0.691822 0.271874 0.691221 0.265045 0.691221 0.247546 0.692423 0.241571 0.693025 0.220230 0.692423 0.215962 0.692423 0.207000 0.693025 0.202305 0.692423 0.193769 0.692724 0.148101 0.692123 0.139991
0 0.536681 0.137857 0.535779 0.139138 0.534576 0.143833 0.534576 0.151515 0.535177 0.155783 0.534576 0.160905 0.533073 0.165173 0.532171 0.170294 0.532772 0.176697 0.532471 0.183952 0.533373 0.195049 0.535478 0.206146 0.534275 0.216816 0.534275 0.226206 0.534877 0.230047 0.536079 0.232608 0.537583 0.233888 0.540890 0.233035 0.554720 0.232608 0.557426 0.231754 0.560734 0.232608 0.575767 0.231754 0.577571 0.232608 0.595610 0.232181 0.598918 0.230474 0.600120 0.230901 0.603428 0.234315 0.607937 0.234742 0.609441 0.237729 0.608839 0.247973 0.609741 0.250534 0.611846 0.253948 0.615454 0.253094 0.615755 0.248826 0.613349 0.242851 0.613349 0.240717 0.615153 0.237303 0.619062 0.233461 0.621167 0.224925 0.620866 0.206146 0.621768 0.201878 0.621768 0.141272 0.620866 0.138711 0.619663 0.137857 0.608238 0.137431 0.602826 0.137857 0.598617 0.139991 0.591401 0.137004 0.577571 0.137431 0.575165 0.136577 0.562538 0.136577 0.558629 0.134870 0.555021 0.134870 0.546302 0.137431 0.538785 0.137004
0 0.599519 0.240717 0.598617 0.242851 0.598617 0.254375 0.599820 0.260777 0.598617 0.266325 0.599820 0.271874 0.599519 0.279556 0.600120 0.282971 0.596512 0.290226 0.595310 0.295775 0.599519 0.297909 0.600421 0.301323 0.595610 0.305164 0.595610 0.307298 0.600722 0.314127 0.600722 0.317542 0.602826 0.320102 0.607336 0.319249 0.611545 0.324797 0.614251 0.323944 0.624775 0.324370 0.625977 0.325651 0.626578 0.328638 0.623873 0.346991 0.619964 0.349125 0.616657 0.352966 0.612748 0.355527 0.610944 0.359368 0.611545 0.365770 0.610643 0.371746 0.611846 0.376014 0.611846 0.380709 0.609441 0.391805 0.610343 0.399915 0.609441 0.416987 0.610944 0.419121 0.618761 0.419974 0.622069 0.421682 0.623572 0.425523 0.623572 0.431071 0.627781 0.441315 0.631990 0.445583 0.636200 0.446009 0.637102 0.443875 0.637402 0.429364 0.640409 0.422962 0.643716 0.421255 0.661455 0.419974 0.663560 0.417414 0.664462 0.413572 0.663860 0.407170 0.664462 0.400768 0.662658 0.388818 0.663259 0.384977 0.664762 0.381989 0.673782 0.381562 0.676488 0.382843 0.681900 0.382843 0.684305 0.380709 0.684907 0.377721 0.684305 0.367904 0.681900 0.363636 0.677992 0.364063 0.676789 0.362356 0.675887 0.353820 0.673782 0.349979 0.673482 0.346564 0.676488 0.342296 0.686109 0.341443 0.687613 0.339735 0.687613 0.331626 0.685809 0.327358 0.684907 0.315408 0.684907 0.303884 0.684005 0.297055 0.684907 0.289373 0.683103 0.285958 0.681299 0.284678 0.668070 0.285105 0.664762 0.286385 0.648827 0.285958 0.645220 0.290653 0.642814 0.290226 0.639808 0.287239 0.635598 0.286385 0.631389 0.282544 0.626578 0.268459 0.621768 0.265898 0.618761 0.259070 0.616055 0.258643 0.611545 0.255228 0.607937 0.254375 0.604330 0.246265 0.603127 0.241144
0 0.330532 0.652413 0.148433 0.650802 0.149568 0.424516 0.237497 0.428543 0.241468 0.529204 0.329965 0.527593
0 0.330126 0.309859 0.326518 0.307725 0.311786 0.306445 0.291341 0.307725 0.203247 0.308152 0.194829 0.311566 0.190920 0.314554 0.184305 0.314554 0.182802 0.317968 0.180397 0.315408 0.177691 0.315834 0.176789 0.317115 0.176789 0.319249 0.179495 0.322663 0.182501 0.329065 0.186711 0.333333 0.190619 0.332480 0.192123 0.335041 0.191221 0.395220 0.192123 0.399061 0.192123 0.409304 0.193025 0.413146 0.195731 0.414426 0.201143 0.412292 0.208358 0.411865 0.211666 0.415280 0.212568 0.417840 0.212568 0.422535 0.213770 0.423389 0.228803 0.424242 0.230006 0.422535 0.230607 0.415706 0.232111 0.412292 0.238425 0.412292 0.244738 0.410158 0.259471 0.411438 0.264582 0.410158 0.268791 0.411438 0.274805 0.410585 0.276609 0.411438 0.282020 0.411012 0.285027 0.412292 0.289838 0.411438 0.300661 0.413146 0.325917 0.413572 0.330427 0.412719 0.331630 0.409731 0.330427 0.379001 0.331329 0.371319 0.330728 0.357234 0.331630 0.335894 0.331028 0.333333 0.331329 0.318822