0 0.341397 0.515826 0.340792 0.523524 0.342002 0.529085 0.340792 0.549187 0.341699 0.562874 0.341095 0.570145 0.341699 0.612917 0.340792 0.617622 0.340792 0.633875 0.341699 0.635158 0.437859 0.636441 0.514061 0.636441 0.514968 0.635158 0.514968 0.629598 0.513759 0.623610 0.512852 0.582121 0.513456 0.576561 0.512852 0.539778 0.513759 0.528229 0.510130 0.523524 0.509828 0.517964 0.507711 0.515398 0.490777 0.514115 0.465981 0.514970 0.438766 0.513687 0.431207 0.516253 0.424252 0.514115 0.351376 0.513259 0.349562 0.514115 0.343514 0.513687
0 0.452374 0.409752 0.451467 0.411463 0.451164 0.413601 0.450257 0.445680 0.450257 0.484174 0.451769 0.500855 0.452979 0.502566 0.456607 0.503849 0.459631 0.503422 0.461445 0.502139 0.462050 0.500428 0.461445 0.494012 0.460538 0.490590 0.459329 0.488452 0.461143 0.484174 0.461143 0.480325 0.461748 0.477331 0.463260 0.476048 0.464167 0.476048 0.465679 0.477759 0.467191 0.482036 0.467191 0.485458 0.466586 0.488024 0.466586 0.502139 0.468098 0.509410 0.469610 0.511976 0.472331 0.512831 0.489265 0.512404 0.498034 0.508127 0.501966 0.508127 0.504989 0.510693 0.507409 0.510693 0.509223 0.509410 0.510432 0.507271 0.511944 0.501711 0.511340 0.467066 0.511642 0.450385 0.510735 0.433276 0.511037 0.416168 0.510735 0.413174 0.509828 0.410607 0.503477 0.408041 0.496825 0.408041 0.494406 0.407186 0.489568 0.407613 0.486544 0.405902 0.469610 0.405475 0.467493 0.406758 0.465376 0.410180 0.464469 0.410607 0.462655 0.409752
0 0.435742 0.373824 0.434835 0.374252 0.434533 0.376818 0.432718 0.380240 0.429392 0.381095 0.428485 0.381950 0.428183 0.384089 0.428787 0.387511 0.427275 0.389222 0.423042 0.390932 0.418809 0.393926 0.414878 0.393926 0.412458 0.392643 0.407015 0.393071 0.405201 0.394782 0.403689 0.399059 0.403689 0.404192 0.403992 0.404619 0.403689 0.417023 0.403992 0.417451 0.403992 0.424722 0.404596 0.428571 0.404596 0.434987 0.404899 0.435415 0.404596 0.440120 0.403689 0.444825 0.403689 0.461933 0.403387 0.462361 0.403387 0.471343 0.403992 0.475620 0.403689 0.490590 0.403992 0.491018 0.403992 0.501283 0.404596 0.502994 0.406411 0.504705 0.409435 0.505560 0.421228 0.505133 0.421530 0.504705 0.444209 0.504705 0.445419 0.503849 0.446326 0.502139 0.446628 0.495295 0.446024 0.491018 0.445721 0.463644 0.445419 0.463216 0.445419 0.443969 0.445721 0.443541 0.445419 0.422156 0.444512 0.418734 0.444814 0.399059 0.443302 0.396065 0.441185 0.395210 0.439069 0.393499 0.436347 0.390077 0.436045 0.387511 0.436952 0.384517 0.436952 0.377673 0.436347 0.374679
0 0.344119 0.390505 0.342909 0.393071 0.342002 0.398204 0.342304 0.406330 0.342002 0.413601 0.342909 0.430710 0.344421 0.435843 0.344119 0.444825 0.344723 0.477331 0.342909 0.481181 0.342909 0.491018 0.341699 0.498289 0.342002 0.501711 0.343211 0.503422 0.345328 0.504705 0.350469 0.505133 0.356517 0.504705 0.396734 0.505133 0.399456 0.504705 0.401572 0.503422 0.402782 0.500428 0.402480 0.497434 0.402782 0.440120 0.402177 0.437126 0.402480 0.430710 0.402177 0.423867 0.402782 0.402053 0.403689 0.395210 0.402782 0.391788 0.401572 0.390505 0.400060 0.390077 0.386151 0.391360 0.383731 0.394782 0.383731 0.402053 0.382522 0.404619 0.381010 0.402908 0.378591 0.396065 0.377381 0.396065 0.374357 0.398631 0.372543 0.398631 0.366193 0.393926 0.364681 0.391788 0.364379 0.390505 0.361959 0.388794 0.358936 0.389222 0.356819 0.390505 0.356214 0.390077
0 0.528878 0.327630 0.527669 0.325920 0.526157 0.325920 0.523133 0.328058 0.511340 0.325920 0.509828 0.325064 0.506804 0.321642 0.504989 0.321642 0.503477 0.322498 0.498337 0.322070 0.493499 0.324209 0.479286 0.324636 0.476867 0.325920 0.475053 0.325492 0.469005 0.325920 0.465074 0.324209 0.461748 0.325064 0.461143 0.325920 0.461445 0.336185 0.462655 0.340462 0.462655 0.344739 0.462050 0.347733 0.460538 0.349444 0.455700 0.348589 0.454188 0.349444 0.449047 0.349872 0.448443 0.351155 0.447838 0.364842 0.448140 0.366980 0.447838 0.383234 0.448745 0.390077 0.448745 0.394354 0.449350 0.396493 0.451769 0.401198 0.452979 0.402053 0.456305 0.401198 0.465074 0.405047 0.476262 0.405475 0.476565 0.405047 0.490777 0.404619 0.496220 0.405475 0.511340 0.405902 0.513456 0.406758 0.514968 0.406758 0.517387 0.405047 0.519202 0.405047 0.523133 0.411035 0.527064 0.409324 0.528878 0.405475 0.529483 0.400770 0.531902 0.395210 0.532204 0.391788 0.533112 0.388794 0.532204 0.382378 0.532204 0.375535 0.532809 0.371257 0.532507 0.360565 0.530995 0.352438 0.531297 0.345595 0.530692 0.343028 0.530692 0.335329 0.530088 0.334046
0 0.398246 0.235672 0.397339 0.238238 0.397037 0.242087 0.396734 0.242515 0.396734 0.245081 0.397037 0.245509 0.397037 0.275449 0.397339 0.275877 0.397339 0.289564 0.397037 0.289991 0.397037 0.293841 0.396734 0.294269 0.396734 0.302823 0.395827 0.305817 0.396129 0.308383 0.397641 0.310094 0.399456 0.310950 0.401270 0.310950 0.401572 0.311377 0.405806 0.310950 0.406108 0.310522 0.411551 0.310522 0.411854 0.310950 0.417297 0.310950 0.417599 0.310522 0.421530 0.310522 0.421833 0.310950 0.440278 0.310950 0.440581 0.310522 0.441790 0.310522 0.443604 0.309666 0.444814 0.307528 0.444814 0.305389 0.443604 0.300257 0.443604 0.278871 0.443907 0.278443 0.443604 0.271600 0.443907 0.271172 0.443907 0.267750 0.444209 0.267323 0.444209 0.258768 0.443907 0.258340 0.443604 0.254063 0.443302 0.253636 0.443302 0.241660 0.442697 0.239093 0.440581 0.236527 0.438766 0.236099 0.438464 0.235672 0.437254 0.235672 0.436952 0.235244 0.429997 0.235244 0.429695 0.235672 0.427578 0.235672 0.427275 0.236099 0.426368 0.235672 0.421530 0.235672 0.421228 0.236099 0.413668 0.236099 0.413366 0.236527 0.408830 0.236527 0.408527 0.236099 0.407015 0.236099 0.406713 0.235672 0.403387 0.235672 0.403084 0.235244 0.398851 0.235244
0 0.530995 0.196322 0.530390 0.195466 0.526157 0.195466 0.520714 0.196749 0.513759 0.196749 0.506804 0.198032 0.503175 0.197177 0.496523 0.197177 0.493801 0.196322 0.485637 0.196322 0.481403 0.199743 0.464772 0.199743 0.461445 0.198888 0.447838 0.199316 0.445419 0.201027 0.440883 0.202737 0.439069 0.208298 0.438766 0.230967 0.440581 0.233961 0.444814 0.236955 0.444209 0.244654 0.444814 0.248075 0.445116 0.279299 0.444512 0.281865 0.444814 0.289564 0.444209 0.293841 0.444209 0.307100 0.445419 0.309666 0.447838 0.311805 0.455398 0.311377 0.461143 0.311805 0.464167 0.313088 0.473541 0.312660 0.476262 0.313516 0.482310 0.311805 0.506804 0.311805 0.508316 0.310950 0.510432 0.307528 0.510432 0.304962 0.509828 0.303251 0.510130 0.300257 0.513456 0.297263 0.514666 0.293413 0.517992 0.288281 0.520714 0.286997 0.522830 0.284859 0.528878 0.284859 0.530390 0.286997 0.530390 0.284859 0.531600 0.280154 0.531600 0.268178 0.532507 0.256630 0.532204 0.201454
0 0.437557 0.199316 0.435742 0.197177 0.433021 0.198032 0.426671 0.197177 0.418809 0.199743 0.414878 0.198888 0.403992 0.201027 0.395827 0.200171 0.394013 0.198032 0.392803 0.191617 0.391594 0.189906 0.389477 0.189906 0.386453 0.192472 0.382220 0.192472 0.378893 0.193755 0.372845 0.193328 0.368007 0.194611 0.364983 0.194183 0.361959 0.192472 0.361052 0.192900 0.359843 0.195038 0.358633 0.199743 0.358936 0.239521 0.358331 0.257913 0.357726 0.259196 0.356819 0.259196 0.354097 0.254063 0.353795 0.243370 0.352888 0.241660 0.345933 0.242943 0.345328 0.243798 0.345026 0.255346 0.345933 0.258340 0.345630 0.278443 0.344421 0.291275 0.344421 0.301540 0.343514 0.305817 0.343514 0.312660 0.344421 0.315227 0.346840 0.316510 0.378288 0.316510 0.385546 0.314799 0.390989 0.314799 0.392501 0.313944 0.394013 0.311377 0.394617 0.302395 0.394315 0.251925 0.393710 0.238238 0.394315 0.231394 0.395525 0.230111 0.405503 0.226262 0.409435 0.221557 0.410644 0.221129 0.411854 0.221985 0.413063 0.230111 0.414575 0.232250 0.417599 0.231394 0.420018 0.227973 0.422740 0.230967 0.427880 0.228828 0.433928 0.233533 0.436347 0.233533 0.437859 0.230111 0.437557 0.217707 0.438161 0.212147 0.437557 0.207015 0.438161 0.201454
0 0.258240 0.193755 0.257635 0.196749 0.258542 0.202310 0.257333 0.213858 0.257333 0.222840 0.258845 0.235244 0.258542 0.242943 0.259752 0.247220 0.259752 0.251925 0.258845 0.263901 0.257031 0.272027 0.256426 0.296835 0.257333 0.301540 0.258845 0.304534 0.261264 0.306245 0.264893 0.304962 0.273964 0.304534 0.282734 0.305389 0.296039 0.304534 0.297853 0.305389 0.302086 0.305389 0.303901 0.304534 0.307832 0.299401 0.310553 0.298118 0.312065 0.298118 0.316601 0.302395 0.319625 0.303251 0.323858 0.303251 0.327790 0.301112 0.331721 0.304106 0.336559 0.304106 0.339280 0.302395 0.341397 0.299401 0.342304 0.296407 0.342304 0.291702 0.341699 0.288281 0.342304 0.281009 0.342002 0.235244 0.342607 0.231394 0.342304 0.221985 0.342909 0.205304 0.342304 0.200171 0.340490 0.196749 0.337768 0.195466 0.331116 0.195466 0.329302 0.194611 0.316601 0.195466 0.309041 0.193755 0.305413 0.194611 0.298760 0.194611 0.292712 0.192044 0.290293 0.192044 0.287572 0.194611 0.285757 0.194611 0.283338 0.192900 0.280012 0.192472 0.270336 0.193755 0.260357 0.192900
0 0.339885 0.307528 0.335652 0.305817 0.331721 0.305817 0.329302 0.307100 0.325370 0.306672 0.322951 0.304106 0.321742 0.299829 0.319927 0.298118 0.317811 0.299401 0.315392 0.302823 0.311461 0.301540 0.308134 0.303251 0.306320 0.305389 0.303598 0.306245 0.289991 0.305817 0.286665 0.307100 0.284246 0.305389 0.281524 0.305389 0.279105 0.306672 0.263078 0.305817 0.261566 0.307528 0.261264 0.315227 0.259450 0.324209 0.260659 0.330197 0.261264 0.346878 0.262474 0.352010 0.262474 0.355860 0.261264 0.361848 0.261566 0.407186 0.262474 0.412318 0.262474 0.418734 0.263078 0.420873 0.265497 0.424294 0.266707 0.424722 0.271243 0.423439 0.274267 0.425150 0.279710 0.424722 0.282431 0.425577 0.293317 0.426005 0.300575 0.424722 0.328394 0.425150 0.332325 0.422583 0.335652 0.423439 0.337164 0.422583 0.338373 0.418306 0.337768 0.410607 0.338978 0.405475 0.340792 0.389222 0.344421 0.384089 0.349259 0.383234 0.349864 0.381523 0.347747 0.377673 0.344119 0.367408 0.344119 0.365269 0.345630 0.363559 0.351981 0.360137 0.351981 0.359281 0.350771 0.357998 0.344421 0.356287 0.341397 0.353721 0.342304 0.351583 0.345026 0.349444 0.345328 0.343028 0.344119 0.335757 0.344723 0.324636 0.340792 0.321642 0.340187 0.319504 0.340490 0.310094
0 0.351706 0.323295 0.346208 0.386286 0.443522 0.380842 0.440223 0.322517