0 0.197822 0.159966 0.196310 0.164671 0.197520 0.257485 0.196612 0.339606 0.196915 0.361848 0.198730 0.375535 0.210224 0.376818 0.215971 0.373824 0.225953 0.374252 0.236842 0.372541 0.240169 0.370830 0.241984 0.367836 0.245009 0.369119 0.246219 0.365697 0.244404 0.362703 0.244102 0.359709 0.245917 0.353721 0.254083 0.345595 0.260738 0.344739 0.262855 0.347305 0.263158 0.367408 0.265578 0.371257 0.270417 0.372541 0.276165 0.371685 0.323956 0.372113 0.325771 0.370830 0.327586 0.366553 0.326679 0.315227 0.326679 0.165526 0.324864 0.162960 0.320629 0.161677 0.298851 0.162104 0.286146 0.161249 0.283727 0.159966 0.271930 0.161677 0.265880 0.160821 0.261645 0.161677 0.250454 0.159538 0.246521 0.160821 0.241077 0.159966 0.238355 0.161249 0.234422 0.159966 0.212039 0.159966 0.209316 0.158683 0.205384 0.160394 0.200847 0.158683
0 0.522988 0.164671 0.515729 0.161249 0.510889 0.163388 0.490623 0.165098 0.475802 0.163815 0.474592 0.172797 0.477012 0.180496 0.479129 0.178358 0.481851 0.169803 0.486691 0.170659 0.489413 0.173225 0.499395 0.171942 0.504235 0.177930 0.500907 0.180924 0.501512 0.184346 0.513914 0.188623 0.515426 0.191617 0.515124 0.195038 0.501512 0.194183 0.497580 0.195894 0.486086 0.193755 0.482456 0.195466 0.472777 0.195466 0.470659 0.190334 0.473079 0.183062 0.471567 0.178785 0.471264 0.166809 0.469449 0.163388 0.466425 0.162104 0.449183 0.160821 0.431034 0.161249 0.427102 0.162960 0.384755 0.161249 0.336358 0.162104 0.334846 0.166382 0.334241 0.345167 0.335753 0.367836 0.341198 0.371257 0.362069 0.370402 0.364489 0.365697 0.364791 0.354577 0.367816 0.346022 0.369933 0.343456 0.373866 0.343456 0.381125 0.347305 0.386570 0.352866 0.392619 0.368691 0.396854 0.371685 0.522081 0.371257 0.524198 0.366553 0.524803 0.318221 0.523896 0.313088 0.526013 0.307528 0.526316 0.275449 0.526013 0.219846 0.524198 0.213858 0.524803 0.200599 0.521174 0.194611 0.524198 0.185201
0 0.343315 0.512831 0.341500 0.517109 0.341803 0.540633 0.341198 0.551326 0.341803 0.557314 0.341803 0.630026 0.341198 0.633020 0.341198 0.646707 0.342105 0.650984 0.341198 0.671942 0.342105 0.675364 0.342408 0.689478 0.341803 0.694611 0.342710 0.700599 0.341803 0.706587 0.342408 0.708725 0.345130 0.712147 0.353600 0.712575 0.361464 0.714713 0.384452 0.713430 0.393527 0.715997 0.402904 0.715141 0.407441 0.717280 0.414398 0.713858 0.423775 0.714713 0.428010 0.713858 0.429825 0.710864 0.430430 0.699743 0.430127 0.665954 0.428917 0.650984 0.429825 0.646707 0.433152 0.642002 0.433152 0.517964 0.432244 0.514542 0.431337 0.513259 0.427707 0.511976 0.345433 0.511976
0 0.691168 0.553464 0.688748 0.548332 0.683303 0.541061 0.676346 0.533790 0.668179 0.522241 0.664549 0.520103 0.663037 0.519675 0.660617 0.520530 0.645191 0.520530 0.644888 0.520958 0.632486 0.520958 0.632184 0.520530 0.613430 0.520958 0.611918 0.523097 0.611010 0.526946 0.611313 0.570145 0.610405 0.571429 0.606171 0.573567 0.605263 0.576133 0.605868 0.600513 0.608288 0.602652 0.609195 0.602652 0.614338 0.606929 0.624622 0.606501 0.629764 0.607357 0.634604 0.607357 0.634906 0.606929 0.651543 0.607357 0.653660 0.606501 0.657895 0.606501 0.658197 0.606929 0.666667 0.606929 0.667272 0.607357 0.669994 0.606501 0.673926 0.606501 0.674229 0.606929 0.685723 0.607357 0.689050 0.606501 0.690865 0.604790 0.691773 0.601796 0.692075 0.598802 0.691773 0.558597
0 0.613430 0.610351 0.611313 0.615483 0.611615 0.639435 0.610405 0.659538 0.610103 0.686056 0.611313 0.709581 0.612523 0.713003 0.614035 0.714713 0.615547 0.714713 0.620085 0.712575 0.623109 0.712575 0.625227 0.715569 0.626739 0.718991 0.630974 0.720274 0.638536 0.717707 0.643376 0.717707 0.646401 0.715997 0.656080 0.715569 0.661222 0.718991 0.663037 0.721129 0.665154 0.721129 0.666969 0.719846 0.676044 0.719418 0.679673 0.716424 0.681186 0.718135 0.680581 0.721129 0.684211 0.721557 0.685420 0.722412 0.689958 0.721985 0.690865 0.720274 0.691773 0.712147 0.693587 0.705304 0.691470 0.693328 0.692075 0.680068 0.691168 0.677502 0.691168 0.674936 0.692378 0.669376 0.692680 0.662104 0.692075 0.659538 0.692075 0.651411 0.690260 0.636441 0.692075 0.618905 0.691773 0.615483 0.689655 0.613345 0.683303 0.611634 0.674229 0.612062 0.664852 0.610778 0.660920 0.611634 0.647913 0.610778 0.641258 0.611634 0.633999 0.611206 0.631276 0.610351 0.627042 0.611634
0 0.613128 0.381523 0.611918 0.383661 0.611313 0.393926 0.611615 0.513687 0.612523 0.516253 0.614338 0.517964 0.648215 0.517536 0.658197 0.517964 0.666969 0.519675 0.672414 0.528229 0.675439 0.529940 0.680581 0.538922 0.688143 0.544482 0.691773 0.543627 0.692378 0.541916 0.692075 0.532506 0.688445 0.524380 0.687840 0.519247 0.688445 0.515826 0.692378 0.510265 0.693285 0.507699 0.693285 0.499145 0.694192 0.494867 0.694495 0.482891 0.693890 0.474765 0.695100 0.464927 0.694797 0.445680 0.695705 0.438837 0.695705 0.430282 0.692680 0.418734 0.694192 0.414029 0.694495 0.388794 0.692680 0.381950 0.691773 0.380667 0.688748 0.379812 0.654265 0.379384 0.651240 0.381095 0.646401 0.381095 0.642771 0.379812 0.625529 0.379812 0.623412 0.380667
0 0.342710 0.420873 0.342105 0.506416 0.344223 0.509838 0.414701 0.508554 0.431639 0.509410 0.434059 0.511976 0.434362 0.613345 0.435269 0.640719 0.436782 0.643713 0.447671 0.645851 0.493043 0.647134 0.507259 0.644568 0.512402 0.647990 0.527526 0.649273 0.535088 0.644140 0.539927 0.649273 0.553841 0.649701 0.562009 0.644996 0.601936 0.644996 0.603146 0.643285 0.604961 0.510693 0.603751 0.393071 0.601633 0.386228 0.589534 0.383661 0.463702 0.383234 0.436479 0.385372 0.394132 0.383661 0.390200 0.386228 0.374773 0.388366 0.360859 0.386228 0.357834 0.389649 0.357532 0.405902 0.354809 0.408469 0.352692 0.414029
0 0.282214 0.428999 0.281307 0.429855 0.281609 0.447391 0.281912 0.447819 0.281609 0.462789 0.281912 0.463216 0.281912 0.473909 0.282214 0.474337 0.281912 0.503849 0.281609 0.504277 0.281609 0.541488 0.282214 0.545338 0.283122 0.546621 0.289171 0.546621 0.289474 0.547049 0.295221 0.546621 0.298548 0.547476 0.302783 0.546621 0.331216 0.547049 0.333031 0.546193 0.334241 0.541488 0.333938 0.514970 0.334241 0.514542 0.334241 0.505988 0.334543 0.505560 0.334241 0.432421 0.333636 0.429855 0.332426 0.428144 0.330913 0.427716 0.320629 0.427716 0.320327 0.428144 0.318814 0.427716 0.313067 0.427716 0.312765 0.428144 0.310647 0.427716 0.297036 0.427716 0.296733 0.428144 0.286146 0.427716
0 0.283424 0.548760 0.282517 0.550043 0.281609 0.556459 0.281912 0.578272 0.281307 0.594953 0.281912 0.599658 0.281609 0.608640 0.282214 0.629170 0.279492 0.641574 0.277072 0.647562 0.275560 0.654405 0.272837 0.660393 0.271930 0.665526 0.269510 0.671086 0.268905 0.676219 0.266183 0.682635 0.262250 0.697177 0.261343 0.702737 0.261343 0.710864 0.262553 0.711719 0.265275 0.710864 0.275257 0.710864 0.279189 0.712147 0.288566 0.712147 0.291591 0.711292 0.300060 0.713858 0.303993 0.713858 0.306413 0.712575 0.328191 0.712575 0.332123 0.711292 0.333333 0.709153 0.334543 0.702310 0.335753 0.700599 0.338173 0.699316 0.339685 0.695894 0.339685 0.691617 0.338475 0.687767 0.338173 0.683062 0.337266 0.681352 0.335148 0.680496 0.333636 0.677502 0.335148 0.668092 0.334846 0.640291 0.333938 0.629170 0.334241 0.557314 0.333636 0.551754 0.332123 0.549615
0 0.275257 0.555603 0.274047 0.555175 0.271325 0.556459 0.260133 0.555603 0.255293 0.556459 0.242589 0.555603 0.238657 0.556459 0.226558 0.555603 0.202662 0.556031 0.199637 0.558169 0.198730 0.566724 0.198730 0.642002 0.199335 0.658255 0.199032 0.666809 0.199637 0.669803 0.198730 0.701026 0.199940 0.710009 0.200847 0.711292 0.203267 0.712147 0.208409 0.711719 0.214156 0.713003 0.245917 0.713003 0.250454 0.710009 0.252269 0.707442 0.255293 0.699316 0.256806 0.691189 0.258923 0.686912 0.259528 0.683490 0.263158 0.674508 0.264065 0.669376 0.268300 0.657399 0.269510 0.651411 0.272232 0.645851 0.273745 0.635586 0.276467 0.628743 0.277374 0.624465 0.277374 0.592387 0.276770 0.587254 0.277072 0.572284 0.276467 0.559025
0 0.199637 0.428571 0.198730 0.431565 0.198427 0.440975 0.198730 0.547049 0.199335 0.548760 0.200847 0.550043 0.204477 0.550898 0.274047 0.550043 0.275257 0.549187 0.276467 0.546621 0.276770 0.541488 0.276467 0.486741 0.277072 0.484602 0.277072 0.468777 0.275257 0.449957 0.275862 0.435843 0.274955 0.430710 0.274047 0.429427 0.269510 0.428999 0.265880 0.429855 0.263763 0.431993 0.263158 0.436270 0.264368 0.439692 0.270720 0.447819 0.269208 0.450385 0.262553 0.450813 0.259528 0.447391 0.257108 0.440120 0.255596 0.432421 0.253176 0.429427 0.250454 0.427716 0.245009 0.428571 0.208106 0.428571 0.206292 0.427716 0.201754 0.427716