0 0.217418 0.395210 0.216208 0.394782 0.214696 0.396065 0.209858 0.397348 0.208346 0.399914 0.206532 0.400770 0.183852 0.400770 0.180224 0.401625 0.172966 0.401198 0.171454 0.402908 0.170547 0.415740 0.171152 0.477331 0.169035 0.482464 0.168733 0.494012 0.171152 0.499145 0.171152 0.502994 0.168128 0.511548 0.168733 0.528657 0.167826 0.535500 0.169943 0.541061 0.169640 0.547049 0.172059 0.550043 0.177805 0.550898 0.221953 0.550898 0.229513 0.552181 0.231932 0.550898 0.233444 0.548332 0.234049 0.536784 0.233444 0.522241 0.234049 0.501711 0.232839 0.494440 0.234956 0.492301 0.237980 0.491018 0.239794 0.488452 0.240702 0.483747 0.239190 0.476903 0.239492 0.472198 0.238585 0.470915 0.235561 0.469632 0.234351 0.467066 0.234049 0.464500 0.234049 0.412318 0.232235 0.409324 0.231025 0.408469 0.225582 0.407186 0.222558 0.402908 0.220744 0.402053 0.219534 0.400342
0 0.241306 0.360137 0.240399 0.361420 0.239794 0.363559 0.239794 0.372113 0.238887 0.375535 0.238585 0.378956 0.238282 0.379384 0.238282 0.381523 0.237980 0.381950 0.237980 0.386655 0.238282 0.387083 0.237980 0.407613 0.238282 0.408041 0.238282 0.410180 0.238887 0.413174 0.238887 0.416168 0.239190 0.416595 0.239190 0.420017 0.238887 0.420445 0.238887 0.424294 0.238585 0.424722 0.238282 0.429855 0.239492 0.434559 0.241306 0.436698 0.246447 0.436698 0.248564 0.435843 0.253402 0.435843 0.253704 0.436270 0.256426 0.436270 0.256728 0.436698 0.263381 0.436698 0.263683 0.437126 0.265497 0.437126 0.265800 0.437553 0.273360 0.437553 0.273662 0.437981 0.275174 0.437981 0.275476 0.437553 0.280315 0.437553 0.282129 0.438409 0.286967 0.438409 0.287874 0.437981 0.289386 0.435843 0.289689 0.432421 0.289991 0.431993 0.289689 0.418734 0.289386 0.418306 0.289386 0.392643 0.289689 0.392216 0.289689 0.379384 0.289386 0.378956 0.289386 0.377673 0.289689 0.377246 0.289689 0.372541 0.289991 0.372113 0.289991 0.365697 0.289084 0.362275 0.286967 0.359709 0.276988 0.359709 0.276686 0.360137 0.242516 0.359709 0.242213 0.360137
0 0.232537 0.236955 0.224675 0.235672 0.220744 0.236955 0.214091 0.236955 0.208648 0.239521 0.199577 0.239949 0.195343 0.241232 0.188086 0.241232 0.182643 0.244654 0.178409 0.248503 0.179619 0.252780 0.180526 0.266467 0.184457 0.272027 0.184155 0.279299 0.184760 0.283148 0.184457 0.298973 0.185062 0.311805 0.185062 0.349016 0.184457 0.352010 0.184155 0.389222 0.185062 0.392216 0.186574 0.393499 0.207439 0.393071 0.213789 0.391788 0.215603 0.390505 0.216208 0.388794 0.215301 0.383661 0.216510 0.382378 0.225884 0.381950 0.228606 0.382806 0.232537 0.381095 0.234351 0.378101 0.234351 0.352438 0.234956 0.349444 0.234351 0.333618 0.234654 0.319504 0.234049 0.308383 0.234351 0.246364 0.233747 0.240376
0 0.123677 0.239521 0.122467 0.242087 0.122467 0.251497 0.121863 0.258340 0.121863 0.289564 0.122467 0.293841 0.122165 0.301540 0.123375 0.306672 0.123375 0.310950 0.121560 0.318221 0.121863 0.325920 0.120048 0.330624 0.119444 0.334902 0.120048 0.338323 0.121258 0.339606 0.121258 0.343456 0.117932 0.345167 0.117629 0.349016 0.117932 0.350299 0.120956 0.351583 0.123072 0.356287 0.123677 0.358854 0.123375 0.371685 0.123979 0.373824 0.126096 0.375962 0.128818 0.375962 0.134261 0.377673 0.141216 0.376818 0.145147 0.377673 0.159964 0.377246 0.161476 0.378101 0.174176 0.377673 0.178107 0.379812 0.179619 0.379384 0.182643 0.372968 0.183248 0.301112 0.182643 0.295552 0.182643 0.276732 0.181736 0.273311 0.179921 0.270744 0.174781 0.270744 0.171454 0.268606 0.170245 0.266895 0.169338 0.263901 0.166011 0.259196 0.163895 0.254919 0.162080 0.248075 0.162080 0.243370 0.161476 0.241660 0.159964 0.240376 0.150892 0.240376 0.147566 0.238666 0.143937 0.238238 0.126399 0.238238
0 0.242213 0.237810 0.241306 0.239521 0.240097 0.246792 0.240097 0.258340 0.240399 0.259196 0.239794 0.264328 0.240399 0.301967 0.240097 0.302395 0.240097 0.324636 0.239794 0.325064 0.239492 0.349016 0.240399 0.352866 0.241306 0.354149 0.244028 0.355004 0.246749 0.355004 0.248866 0.354149 0.254611 0.354577 0.257333 0.353721 0.263078 0.354149 0.266707 0.353293 0.267009 0.353721 0.276686 0.353293 0.276988 0.353721 0.282734 0.353721 0.283036 0.354149 0.287269 0.354149 0.288781 0.353293 0.290898 0.350299 0.291503 0.347305 0.290898 0.334902 0.290596 0.334474 0.290596 0.327630 0.289991 0.322498 0.289991 0.314799 0.289689 0.314371 0.289991 0.291275 0.289084 0.283576 0.291805 0.277160 0.292410 0.272455 0.292712 0.265612 0.291503 0.261334 0.291503 0.259196 0.293015 0.255346 0.293015 0.252352 0.291805 0.248503 0.287874 0.245081 0.284246 0.242943 0.282129 0.240804 0.279105 0.239521 0.271243 0.238238 0.266707 0.238238 0.266405 0.237810 0.260659 0.237810 0.260357 0.238238 0.254914 0.238238 0.254611 0.237810 0.248866 0.238238 0.246447 0.237382
0 0.288781 0.460222 0.283338 0.459367 0.279710 0.460222 0.273057 0.460222 0.270336 0.461078 0.261566 0.460650 0.255216 0.461506 0.248866 0.461078 0.247052 0.460222 0.240399 0.460222 0.238887 0.461078 0.237375 0.463644 0.237375 0.467066 0.239492 0.472198 0.241004 0.481181 0.240702 0.492729 0.239492 0.494440 0.237073 0.496151 0.235863 0.499145 0.235561 0.501711 0.236166 0.520530 0.235863 0.547476 0.236468 0.550898 0.237678 0.553892 0.237980 0.559453 0.237073 0.562874 0.237375 0.571429 0.236166 0.575278 0.236166 0.578272 0.237073 0.581694 0.235863 0.587254 0.236166 0.594525 0.234956 0.600086 0.236166 0.603507 0.237980 0.605218 0.241306 0.606074 0.255519 0.606074 0.257333 0.605218 0.261566 0.604790 0.266405 0.606929 0.271243 0.606929 0.273360 0.606074 0.288781 0.606929 0.290293 0.606501 0.291200 0.604790 0.291805 0.601369 0.291200 0.595808 0.291503 0.577844 0.289689 0.558169 0.292410 0.549615 0.291805 0.526518 0.291200 0.520958 0.291805 0.513687 0.291200 0.505988 0.292108 0.501711 0.292108 0.499145 0.291200 0.493584 0.291503 0.488452 0.290898 0.482036 0.291200 0.464072 0.290898 0.462789
0 0.123072 0.133020 0.121258 0.146707 0.122467 0.162104 0.121863 0.171942 0.122467 0.184346 0.120956 0.190334 0.119444 0.188195 0.117932 0.181352 0.116722 0.182207 0.115815 0.195894 0.117629 0.201882 0.120653 0.202310 0.122165 0.205304 0.121560 0.231822 0.123375 0.235672 0.136075 0.237382 0.158149 0.236099 0.172059 0.236527 0.205624 0.235244 0.211370 0.232678 0.216208 0.234388 0.219534 0.233533 0.229816 0.233961 0.235561 0.232250 0.250983 0.235244 0.254309 0.232250 0.262171 0.231394 0.267009 0.234816 0.286665 0.235672 0.290293 0.233961 0.291805 0.231394 0.292712 0.143713 0.289386 0.133020 0.287269 0.130453 0.281826 0.129170 0.274267 0.130881 0.261264 0.131309 0.257031 0.130453 0.238585 0.132164 0.211975 0.130881 0.208346 0.132592 0.201391 0.131309 0.188086 0.131737 0.184457 0.128743 0.182643 0.128743 0.179619 0.130881 0.172059 0.130881 0.162383 0.128315 0.157847 0.129598 0.154218 0.127887 0.141216 0.128315 0.133354 0.126176 0.129422 0.129170 0.124584 0.130881
0 0.506501 0.183490 0.505292 0.183062 0.500151 0.184773 0.495918 0.184773 0.494406 0.183918 0.490777 0.184773 0.458724 0.184346 0.458422 0.184773 0.449652 0.185201 0.447233 0.186484 0.446326 0.188623 0.446326 0.196749 0.446931 0.200599 0.446931 0.207870 0.446628 0.208298 0.446931 0.244654 0.446628 0.245081 0.446326 0.262618 0.446628 0.263045 0.446628 0.281865 0.447536 0.287425 0.448443 0.289136 0.452374 0.289136 0.456305 0.290847 0.465679 0.290847 0.465981 0.290419 0.482008 0.290847 0.482310 0.290419 0.496825 0.290419 0.500151 0.289564 0.503477 0.289564 0.504989 0.289136 0.506199 0.287853 0.508013 0.281009 0.508618 0.275877 0.508618 0.269889 0.508013 0.266467 0.508316 0.242515 0.508013 0.240376 0.505897 0.235672 0.506199 0.226262 0.507409 0.215997 0.508013 0.213858 0.508013 0.199743 0.508618 0.193328 0.508013 0.186912
0 0.512852 0.186912 0.511642 0.189478 0.511642 0.204021 0.511037 0.213858 0.507711 0.223695 0.507106 0.230111 0.507711 0.231394 0.511340 0.234388 0.512549 0.236099 0.513759 0.240804 0.514666 0.242515 0.516783 0.242087 0.518899 0.242515 0.521016 0.245509 0.521923 0.248075 0.520411 0.254491 0.520109 0.266039 0.518899 0.272027 0.519504 0.273311 0.519806 0.277588 0.520411 0.279299 0.522226 0.281437 0.527064 0.283576 0.530390 0.281009 0.537950 0.278871 0.543393 0.279299 0.545207 0.277588 0.545510 0.275877 0.544905 0.273311 0.546114 0.271600 0.553069 0.271600 0.556093 0.270744 0.558512 0.272455 0.557303 0.276305 0.557303 0.279299 0.559117 0.284431 0.561839 0.288281 0.564258 0.289564 0.569096 0.288281 0.570305 0.286570 0.570910 0.284431 0.571213 0.276732 0.570003 0.273311 0.570003 0.272027 0.571817 0.267750 0.571817 0.264756 0.570608 0.260051 0.570305 0.256630 0.570608 0.240804 0.570003 0.237810 0.570003 0.230539 0.570608 0.224979 0.570910 0.213430 0.569096 0.207870 0.570003 0.197177 0.569701 0.190334 0.569096 0.188623 0.568189 0.187767 0.553674 0.187340 0.546719 0.186484 0.540671 0.184773 0.538252 0.184773 0.534926 0.186484 0.531297 0.186484 0.527064 0.188195 0.523133 0.188623 0.521621 0.187340 0.519202 0.186484 0.514363 0.186056
0 0.576051 0.187767 0.574236 0.189906 0.573027 0.195038 0.573329 0.198460 0.573632 0.198888 0.573632 0.201454 0.573934 0.201882 0.573632 0.202310 0.573632 0.206587 0.573329 0.207015 0.573329 0.210864 0.573027 0.211292 0.573027 0.222840 0.572725 0.223268 0.572725 0.237810 0.573329 0.240376 0.573027 0.249786 0.573329 0.250214 0.573934 0.257913 0.574236 0.258340 0.574236 0.260907 0.573632 0.263473 0.573632 0.269461 0.574236 0.272455 0.574236 0.278443 0.573632 0.281009 0.573632 0.284859 0.574841 0.288281 0.576353 0.289564 0.577563 0.289564 0.577865 0.289991 0.587542 0.289991 0.587844 0.290419 0.594496 0.290419 0.594799 0.290847 0.602963 0.290419 0.603266 0.290847 0.608406 0.291275 0.608709 0.291702 0.611733 0.290847 0.612942 0.289564 0.613547 0.286997 0.613547 0.284003 0.613849 0.283576 0.613849 0.270744 0.613547 0.270317 0.613547 0.263473 0.613245 0.263045 0.613245 0.249786 0.612942 0.249358 0.612942 0.239521 0.612640 0.239093 0.612640 0.233105 0.612942 0.232678 0.612640 0.209581 0.612942 0.209153 0.612942 0.206159 0.612035 0.202310 0.612337 0.194183 0.611430 0.189478 0.610221 0.187767 0.609314 0.187340 0.606592 0.187767 0.606290 0.188195 0.594496 0.187767 0.594194 0.187340 0.590565 0.187340 0.590263 0.187767 0.587239 0.187767 0.586937 0.187340 0.577563 0.187767 0.577260 0.187340
0 0.607802 0.317365 0.605685 0.316510 0.596613 0.316510 0.585122 0.318648 0.582703 0.320787 0.579377 0.325492 0.578772 0.331052 0.576656 0.336612 0.572725 0.339606 0.569701 0.343456 0.566374 0.345595 0.561839 0.347305 0.560327 0.349016 0.559722 0.352866 0.559722 0.378529 0.560327 0.389222 0.560024 0.444825 0.560931 0.454662 0.560629 0.466210 0.562746 0.472626 0.564560 0.475192 0.567886 0.476048 0.570608 0.474765 0.577260 0.474765 0.580889 0.473482 0.586634 0.473909 0.609616 0.473054 0.610523 0.472626 0.612942 0.468349 0.613245 0.461933 0.612337 0.451240 0.612640 0.434559 0.613547 0.430710 0.613547 0.407186 0.612942 0.401625 0.613245 0.365697 0.612942 0.358854 0.611733 0.353721 0.611733 0.346450 0.611128 0.343884 0.611128 0.340462 0.611733 0.337896 0.611733 0.334474 0.611128 0.331908 0.611128 0.324636 0.609918 0.319076
0 0.448745 0.297690 0.447536 0.300257 0.446931 0.308383 0.446931 0.415312 0.447233 0.438409 0.448443 0.446108 0.450257 0.447391 0.469308 0.446963 0.471727 0.448246 0.478379 0.447391 0.481403 0.448674 0.494103 0.448246 0.497430 0.449530 0.503175 0.449102 0.506804 0.447391 0.508013 0.445680 0.508316 0.442686 0.507711 0.425577 0.508316 0.414885 0.507711 0.402053 0.508316 0.336612 0.507409 0.331052 0.507711 0.323781 0.506501 0.319504 0.504687 0.316510 0.504082 0.312233 0.504687 0.307956 0.507409 0.302823 0.507409 0.301540 0.505292 0.299829 0.501361 0.298973 0.484729 0.299401 0.479589 0.297690 0.462655 0.297263 0.458724 0.296407 0.451467 0.296407
0 0.544602 0.453807 0.538857 0.451240 0.534926 0.453379 0.525552 0.454234 0.522226 0.452951 0.519504 0.455090 0.519202 0.458084 0.517085 0.458512 0.516178 0.457656 0.517387 0.455090 0.516178 0.453379 0.514666 0.452951 0.512247 0.455090 0.507711 0.456373 0.505594 0.458939 0.498639 0.461078 0.497430 0.461933 0.496523 0.464072 0.496825 0.472626 0.495918 0.482464 0.495918 0.488452 0.496825 0.493157 0.496825 0.500428 0.496220 0.504705 0.496523 0.524380 0.495615 0.532079 0.493801 0.536784 0.493499 0.545766 0.495615 0.551326 0.496220 0.556031 0.497430 0.559880 0.498337 0.559880 0.498639 0.558597 0.501058 0.556031 0.502268 0.556031 0.503780 0.559025 0.503477 0.583405 0.502268 0.588537 0.502268 0.600086 0.504989 0.603935 0.508618 0.604790 0.524947 0.604363 0.534321 0.605646 0.547324 0.605646 0.555186 0.604363 0.556396 0.602224 0.557605 0.593670 0.557605 0.576561 0.557000 0.566724 0.557303 0.553892 0.556698 0.541488 0.557907 0.536356 0.557907 0.529512 0.560024 0.523524 0.560024 0.514115 0.561536 0.507271 0.555186 0.499145 0.553976 0.499145 0.552464 0.497861 0.550650 0.494440 0.553372 0.491873 0.555186 0.491446 0.556698 0.488452 0.555488 0.479897 0.553069 0.476048 0.550650 0.470060 0.550952 0.467921 0.551860 0.466638 0.553069 0.467494 0.555186 0.467494 0.555488 0.463644 0.554279 0.463216 0.552162 0.465355 0.551255 0.465355 0.549441 0.462789 0.546719 0.455518
0 0.609011 0.492729 0.606894 0.496151 0.603871 0.498289 0.601451 0.501711 0.597520 0.502139 0.593589 0.505560 0.590263 0.504277 0.587844 0.504277 0.585727 0.505560 0.584215 0.507699 0.581494 0.508982 0.579679 0.508982 0.575748 0.507271 0.572120 0.507271 0.570910 0.509410 0.570305 0.511976 0.570910 0.512831 0.572725 0.513259 0.575446 0.515398 0.576051 0.516253 0.576051 0.517964 0.571817 0.523952 0.561839 0.531223 0.560629 0.532934 0.560024 0.535500 0.560024 0.591103 0.560327 0.591531 0.560327 0.595381 0.561234 0.600086 0.561839 0.601796 0.563350 0.603935 0.566072 0.604363 0.570305 0.603507 0.571817 0.602652 0.581191 0.603080 0.584215 0.602224 0.588751 0.604790 0.599637 0.604790 0.600847 0.604363 0.604778 0.605646 0.608104 0.605646 0.608406 0.606074 0.610523 0.605218 0.611128 0.603935 0.612337 0.595381 0.612337 0.588965 0.612035 0.588537 0.612337 0.587682 0.612337 0.573139 0.612640 0.572712 0.612640 0.568862 0.612337 0.568435 0.612640 0.555175 0.612337 0.554748 0.612337 0.543627 0.612035 0.543199 0.612337 0.535073 0.611430 0.529512 0.612035 0.522241 0.611430 0.518392 0.611733 0.511121 0.611128 0.506416 0.611128 0.499572
0 0.509498 0.299965 0.510597 0.445388 0.560629 0.447721 0.556780 0.298410
0 0.436952 0.194611 0.433323 0.193328 0.425764 0.192900 0.418809 0.194183 0.412156 0.193755 0.406713 0.195466 0.380405 0.193755 0.374055 0.194183 0.371938 0.196749 0.371334 0.201027 0.371938 0.260907 0.370729 0.312660 0.371031 0.448246 0.373148 0.452096 0.434533 0.452096 0.440581 0.450813 0.442395 0.447819 0.441488 0.391360 0.442093 0.384089 0.442093 0.333191 0.440883 0.272027 0.441488 0.205304 0.440581 0.199316
0 0.362867 0.194183 0.343816 0.193755 0.333535 0.196322 0.329906 0.196322 0.323254 0.194183 0.315996 0.194183 0.311461 0.196749 0.307832 0.196322 0.301482 0.200599 0.299667 0.202737 0.297248 0.212575 0.297248 0.278015 0.296643 0.281865 0.296341 0.328914 0.296946 0.444825 0.298155 0.450385 0.299970 0.452096 0.362867 0.452951 0.364681 0.452096 0.366193 0.449102 0.365891 0.375962 0.366495 0.369974 0.365891 0.352438 0.366495 0.345595 0.365286 0.307528 0.365891 0.297690 0.365588 0.267323 0.364076 0.240376 0.364983 0.205304 0.364681 0.197177