0 0.350166 0.326347 0.348654 0.329341 0.348050 0.333618 0.348050 0.349872 0.348654 0.352438 0.348654 0.356287 0.348050 0.360992 0.346840 0.365269 0.346840 0.448674 0.347747 0.451668 0.349562 0.452951 0.351981 0.452096 0.367705 0.451240 0.375265 0.451668 0.379498 0.450813 0.385243 0.450813 0.391291 0.451668 0.395222 0.450385 0.403387 0.449957 0.407318 0.451240 0.413970 0.451240 0.415482 0.450385 0.416994 0.446963 0.417599 0.431565 0.416994 0.424294 0.417599 0.420873 0.417599 0.415740 0.416389 0.412318 0.416389 0.406330 0.415180 0.402053 0.415180 0.398204 0.416087 0.395210 0.416087 0.392643 0.414273 0.386655 0.410342 0.381950 0.406411 0.380240 0.397944 0.373824 0.393710 0.366553 0.393710 0.359709 0.392803 0.357998 0.391594 0.357143 0.389477 0.357143 0.387965 0.357998 0.382220 0.357998 0.380103 0.357571 0.378591 0.355860 0.378288 0.353293 0.379196 0.346878 0.379196 0.329341 0.375869 0.324636 0.374660 0.323781 0.372543 0.323781 0.369217 0.325492 0.365891 0.325492 0.357121 0.323781
0 0.381917 0.287425 0.380708 0.289136 0.380708 0.291702 0.380405 0.292130 0.380405 0.298118 0.380103 0.298546 0.380103 0.306672 0.379800 0.307100 0.379800 0.315227 0.380103 0.315654 0.379800 0.349016 0.379498 0.349444 0.379498 0.350727 0.379196 0.351155 0.378893 0.353721 0.378591 0.354149 0.378893 0.354577 0.378893 0.356287 0.379196 0.357143 0.380405 0.358426 0.381615 0.358426 0.381917 0.358854 0.384941 0.358854 0.385243 0.359281 0.386151 0.359281 0.386453 0.358854 0.388267 0.358854 0.389477 0.357998 0.393106 0.357998 0.393408 0.358426 0.394617 0.358426 0.394920 0.358854 0.403084 0.358854 0.403387 0.359281 0.404899 0.359281 0.405201 0.359709 0.409132 0.359709 0.409435 0.359281 0.410342 0.359281 0.410946 0.358854 0.411854 0.357571 0.412458 0.354577 0.412761 0.354149 0.412761 0.350727 0.412458 0.350299 0.412458 0.332763 0.412156 0.332335 0.412156 0.322498 0.412458 0.322070 0.412458 0.316510 0.412156 0.316082 0.412156 0.313088 0.411854 0.312660 0.411854 0.306672 0.412156 0.306245 0.412156 0.303251 0.412458 0.302823 0.412458 0.298118 0.412156 0.297690 0.412156 0.294269 0.411854 0.293841 0.411854 0.291702 0.411551 0.291275 0.411249 0.289564 0.410342 0.288281 0.409132 0.287853 0.408830 0.287425 0.407923 0.287425 0.407620 0.286997 0.402480 0.286997 0.402177 0.286570 0.388267 0.286570 0.387965 0.286142 0.385243 0.286142 0.384941 0.286570 0.383731 0.286570 0.383429 0.286997
0 0.248564 0.235244 0.247656 0.241232 0.247959 0.259196 0.245842 0.264328 0.246447 0.274594 0.245237 0.276732 0.241911 0.276732 0.240702 0.278443 0.239190 0.285287 0.238887 0.308383 0.239492 0.311377 0.242213 0.317793 0.242516 0.320787 0.243725 0.322926 0.250076 0.324636 0.253100 0.322498 0.254611 0.322498 0.258542 0.324636 0.260962 0.323353 0.267009 0.323781 0.270638 0.322498 0.272452 0.324209 0.275174 0.325064 0.283641 0.322498 0.308437 0.322070 0.311158 0.320359 0.316904 0.322070 0.328999 0.319932 0.331721 0.321642 0.337768 0.321642 0.341095 0.322498 0.344119 0.319504 0.345026 0.314371 0.345026 0.265184 0.343816 0.262618 0.342002 0.261334 0.335954 0.260907 0.335047 0.260051 0.334744 0.258768 0.337164 0.256630 0.340187 0.256202 0.342002 0.254063 0.341095 0.251925 0.337164 0.250214 0.334744 0.247220 0.331721 0.245937 0.330813 0.244654 0.330209 0.242087 0.332023 0.235672 0.331116 0.233533 0.324766 0.232250 0.319020 0.233105 0.316299 0.231822 0.313880 0.233105 0.312670 0.235672 0.313275 0.242515 0.312972 0.254919 0.311461 0.257913 0.310856 0.257485 0.309949 0.253636 0.310553 0.236099 0.308134 0.233105 0.297853 0.232250 0.295434 0.234388 0.293317 0.231822 0.290293 0.231394 0.286362 0.233533 0.273662 0.233105 0.270033 0.234388 0.261869 0.233105 0.258542 0.231394 0.254611 0.234816 0.249471 0.234388
0 0.241306 0.324209 0.238887 0.328914 0.238282 0.337896 0.239190 0.341745 0.239190 0.354577 0.238585 0.360137 0.239794 0.365269 0.238585 0.395210 0.239190 0.405047 0.241306 0.414029 0.241306 0.418734 0.240097 0.423439 0.240097 0.426005 0.241306 0.433276 0.241004 0.448674 0.241609 0.450385 0.242818 0.451668 0.245540 0.452096 0.249773 0.454662 0.257333 0.451668 0.267009 0.451668 0.268824 0.450813 0.271545 0.450813 0.274569 0.452524 0.279105 0.451668 0.281524 0.452524 0.288479 0.452096 0.289991 0.452951 0.308134 0.452951 0.310251 0.449957 0.310856 0.447819 0.309344 0.442258 0.309949 0.431138 0.311158 0.423011 0.311158 0.375962 0.310553 0.369119 0.311158 0.348589 0.310856 0.328486 0.310251 0.326775 0.309041 0.325064 0.307529 0.324209 0.298760 0.323781 0.295736 0.325064 0.282431 0.325064 0.279105 0.326775 0.252797 0.326347 0.245540 0.324209
0 0.241609 0.452951 0.240097 0.457228 0.239794 0.459367 0.240399 0.463216 0.240399 0.468777 0.240097 0.469204 0.240399 0.476903 0.239794 0.482464 0.238585 0.487169 0.238585 0.498289 0.238282 0.498717 0.238585 0.510265 0.239794 0.517109 0.239794 0.521386 0.240097 0.521814 0.239794 0.529512 0.241306 0.534217 0.242818 0.535073 0.246145 0.535073 0.246447 0.535500 0.255821 0.535500 0.256123 0.535073 0.303901 0.535500 0.308739 0.534217 0.311158 0.531223 0.311461 0.529940 0.311158 0.517536 0.311461 0.517109 0.311461 0.511976 0.312368 0.505988 0.312065 0.504277 0.312065 0.485885 0.310856 0.479042 0.310856 0.458512 0.309646 0.455090 0.307227 0.452951 0.303901 0.451668 0.298760 0.451668 0.296643 0.452524 0.290293 0.452096 0.287572 0.453379 0.284850 0.453379 0.284548 0.452951 0.275476 0.452524 0.275174 0.452096 0.269428 0.452524 0.266102 0.450813 0.258845 0.450385 0.258542 0.449957 0.255821 0.451668 0.252495 0.451668 0.247959 0.450385 0.244330 0.450385 0.242818 0.451240
0 0.173571 0.458084 0.172966 0.459795 0.172664 0.464500 0.172362 0.464927 0.172664 0.466638 0.172664 0.475192 0.172362 0.475620 0.172362 0.518392 0.172664 0.518820 0.172966 0.535928 0.174478 0.538494 0.177200 0.538922 0.179619 0.538067 0.180829 0.538494 0.192017 0.538067 0.194134 0.539350 0.196553 0.539778 0.199879 0.537639 0.204717 0.537639 0.207136 0.538922 0.211067 0.538922 0.214696 0.537639 0.232839 0.538067 0.234049 0.536784 0.234956 0.532079 0.234654 0.510265 0.235259 0.507271 0.235259 0.501711 0.234956 0.501283 0.235259 0.485458 0.234956 0.485030 0.234956 0.472626 0.234654 0.472198 0.234654 0.467921 0.234351 0.467494 0.234351 0.460222 0.233747 0.457656 0.232839 0.456373 0.225884 0.456373 0.225280 0.455945 0.224977 0.456373 0.218930 0.456801 0.218627 0.456373 0.211067 0.455945 0.210765 0.456373 0.206532 0.456373 0.206229 0.456801 0.201996 0.456801 0.201693 0.456373 0.184457 0.456801 0.181736 0.455945 0.175386 0.455945
0 0.173269 0.538494 0.169943 0.545766 0.170547 0.556031 0.169338 0.622327 0.169943 0.719418 0.169035 0.736099 0.171757 0.745081 0.177200 0.745937 0.179921 0.744654 0.198669 0.743798 0.295434 0.743798 0.302389 0.740376 0.306925 0.741660 0.311461 0.740804 0.312670 0.737382 0.312972 0.727973 0.311763 0.719846 0.312065 0.708298 0.311158 0.700599 0.312065 0.686912 0.309646 0.677502 0.310553 0.622327 0.309646 0.617622 0.310251 0.606929 0.309646 0.547049 0.308437 0.542344 0.306925 0.540633 0.299970 0.539350 0.295736 0.540633 0.291503 0.539350 0.287874 0.541061 0.273360 0.540205 0.271545 0.541488 0.232839 0.542344 0.211672 0.541488 0.208648 0.539778 0.194436 0.540205 0.179317 0.538922 0.175990 0.537211
0 0.369217 0.537211 0.369217 0.538922 0.368914 0.539350 0.368914 0.547049 0.369217 0.547476 0.369217 0.549615 0.369822 0.551754 0.369822 0.557314 0.368914 0.561591 0.368914 0.568007 0.369217 0.568435 0.369217 0.571001 0.369519 0.571429 0.369519 0.585971 0.369822 0.586399 0.369822 0.588965 0.369217 0.591531 0.369217 0.595381 0.370124 0.597947 0.371334 0.599230 0.371938 0.600513 0.370729 0.603935 0.370729 0.608640 0.371334 0.610778 0.373148 0.612489 0.378591 0.612489 0.379498 0.612062 0.381917 0.609495 0.383127 0.609495 0.384941 0.610351 0.389174 0.610351 0.389477 0.609923 0.390686 0.609923 0.393710 0.611206 0.395222 0.611206 0.397037 0.610351 0.400060 0.610351 0.400363 0.610778 0.402177 0.610778 0.402480 0.611206 0.406411 0.610778 0.406713 0.610351 0.407620 0.610778 0.411551 0.610778 0.411854 0.611206 0.413970 0.611206 0.414273 0.611634 0.415785 0.611206 0.416389 0.610351 0.416994 0.608212 0.416994 0.604363 0.415785 0.601369 0.415785 0.599658 0.418506 0.594953 0.420018 0.589820 0.420018 0.587254 0.418809 0.583405 0.418809 0.576133 0.417901 0.572284 0.417901 0.569718 0.418809 0.565441 0.418809 0.563730 0.417599 0.559025 0.417599 0.557742 0.416994 0.555603 0.416994 0.553464 0.416692 0.553037 0.417901 0.547049 0.417901 0.540205 0.417599 0.539778 0.417297 0.536784 0.416087 0.535073 0.413063 0.535073 0.411249 0.535928 0.407015 0.535928 0.406713 0.536356 0.383731 0.535928 0.383429 0.535500 0.377079 0.535500 0.376777 0.535073 0.373148 0.535073 0.372845 0.535500 0.370729 0.535500
0 0.370124 0.637725 0.370124 0.638580 0.369519 0.640291 0.369519 0.642429 0.369217 0.642857 0.369217 0.648845 0.369519 0.649273 0.369519 0.664671 0.369822 0.665098 0.369822 0.668948 0.370124 0.669376 0.370426 0.671514 0.371334 0.673225 0.371636 0.674508 0.372241 0.675364 0.372845 0.677074 0.374357 0.678785 0.374660 0.678358 0.376172 0.678358 0.376474 0.677930 0.383731 0.677930 0.384034 0.678358 0.386755 0.678358 0.387058 0.677930 0.389174 0.677930 0.389477 0.677502 0.390989 0.677502 0.391291 0.677930 0.393106 0.677930 0.393408 0.678358 0.394617 0.678358 0.394920 0.677930 0.395827 0.677930 0.396129 0.677502 0.397944 0.677074 0.398246 0.676647 0.400968 0.676647 0.401270 0.676219 0.403084 0.676219 0.404294 0.677074 0.405201 0.677074 0.405503 0.677502 0.407015 0.677502 0.407318 0.677930 0.410946 0.677930 0.411249 0.677502 0.413063 0.677074 0.414878 0.675791 0.415785 0.674508 0.416692 0.674080 0.418506 0.671514 0.418809 0.670659 0.418809 0.662104 0.415785 0.658255 0.415785 0.656116 0.416087 0.655689 0.416087 0.647134 0.416389 0.646707 0.416692 0.643285 0.416994 0.642857 0.416994 0.639863 0.416692 0.639435 0.416389 0.637725 0.415482 0.636441 0.413668 0.636014 0.413366 0.635586 0.410039 0.635586 0.409737 0.635158 0.394920 0.635158 0.394617 0.635586 0.392198 0.635586 0.391896 0.636014 0.388872 0.636014 0.388570 0.635586 0.385848 0.635586 0.385546 0.635158 0.380405 0.635158 0.380103 0.635586 0.372241 0.635586 0.371031 0.636441
0 0.351706 0.237752 0.351706 0.322517 0.375897 0.320962 0.377546 0.278190 0.408335 0.280523 0.408335 0.236196
0 0.366550 0.666245 0.320367 0.670911 0.314319 0.536375 0.367100 0.537931
0 0.413833 0.528599 0.317618 0.527821 0.315419 0.327961 0.340710 0.328739 0.345658 0.456276 0.416032 0.458609