0 0.085739 0.771429 0.084670 0.776541 0.084883 0.817744 0.085953 0.827669 0.084883 0.864662 0.085525 0.901654 0.087449 0.908271 0.091939 0.910376 0.121659 0.908872 0.125722 0.910075 0.189224 0.908872 0.192859 0.910977 0.190293 0.913684 0.185375 0.915489 0.176609 0.913684 0.168698 0.917293 0.163566 0.913985 0.151165 0.916992 0.147317 0.913985 0.134274 0.916391 0.131708 0.914286 0.126791 0.913684 0.118238 0.916090 0.114603 0.914286 0.101133 0.914887 0.093436 0.911880 0.088304 0.913083 0.087022 0.916391 0.086808 0.924511 0.088091 0.929023 0.097926 0.930827 0.198845 0.929023 0.204618 0.927820 0.209750 0.929023 0.211674 0.927218 0.212102 0.916692 0.211033 0.913684 0.208681 0.912481 0.204832 0.916090 0.200984 0.910376 0.204832 0.901654 0.208895 0.907970 0.211033 0.906165 0.212102 0.901955 0.212102 0.873083 0.211460 0.868872 0.208681 0.863459 0.208681 0.858346 0.211460 0.846316 0.209108 0.843008 0.189224 0.842707 0.186017 0.839699 0.186658 0.818346 0.185161 0.769925 0.177250 0.768120 0.092153 0.768421 0.087877 0.769323
0 0.232628 0.769323 0.230490 0.768120 0.221082 0.768722 0.220868 0.768421 0.217447 0.768421 0.215095 0.767820 0.214240 0.767218 0.210605 0.767218 0.208039 0.768120 0.206115 0.771729 0.204832 0.772632 0.202694 0.771128 0.200770 0.768722 0.192645 0.769023 0.190934 0.769925 0.189438 0.772030 0.189010 0.773233 0.188582 0.776541 0.188796 0.776842 0.188796 0.784361 0.189010 0.784662 0.189010 0.804812 0.189224 0.805113 0.189438 0.822556 0.189651 0.822857 0.189438 0.833684 0.189865 0.835489 0.190934 0.837293 0.192431 0.838195 0.194783 0.838195 0.197563 0.837594 0.217447 0.837895 0.220227 0.836692 0.222365 0.834286 0.225572 0.836090 0.227924 0.836692 0.231131 0.836692 0.232628 0.835789 0.233483 0.834586 0.233911 0.833083 0.233911 0.830075 0.234124 0.829774 0.233697 0.811128 0.233483 0.810827 0.233483 0.771729 0.233269 0.770526
0 0.341031 0.769323 0.338892 0.766617 0.325422 0.766917 0.322643 0.767519 0.283515 0.767820 0.273038 0.768722 0.252298 0.768120 0.238187 0.768722 0.236263 0.770526 0.235621 0.775338 0.236049 0.828872 0.236690 0.832181 0.237973 0.834586 0.239256 0.835188 0.246526 0.834286 0.250374 0.830977 0.251229 0.830977 0.253795 0.835188 0.258713 0.837594 0.297199 0.836391 0.300834 0.835789 0.331195 0.835789 0.339106 0.834887 0.340175 0.833384 0.340603 0.831579 0.340389 0.818346 0.341886 0.810827
0 0.340175 0.840602 0.339106 0.839098 0.338251 0.838797 0.316228 0.838496 0.261706 0.840000 0.257644 0.841203 0.256575 0.842406 0.255506 0.845113 0.255719 0.851128 0.257430 0.857143 0.257216 0.862857 0.256147 0.867669 0.256575 0.877895 0.256147 0.905564 0.256789 0.907669 0.258071 0.909173 0.259782 0.909774 0.262348 0.908872 0.272611 0.909173 0.275604 0.910677 0.279666 0.908872 0.289502 0.909173 0.296344 0.908271 0.309386 0.908571 0.313876 0.907970 0.339106 0.907669 0.341031 0.906767 0.342100 0.905564 0.342527 0.903759 0.342527 0.888722 0.341886 0.862556 0.340817 0.856241 0.340817 0.843609
0 0.252298 0.840000 0.250802 0.839098 0.247595 0.839399 0.243105 0.839098 0.239042 0.840000 0.233911 0.839399 0.222579 0.840000 0.216592 0.841805 0.214881 0.843308 0.213812 0.845113 0.213812 0.850827 0.215095 0.856541 0.215095 0.859549 0.214668 0.861955 0.214668 0.865263 0.215095 0.868571 0.215095 0.878797 0.214454 0.884812 0.214454 0.895639 0.215309 0.902556 0.215309 0.907068 0.214881 0.910075 0.214668 0.917895 0.215095 0.926917 0.216164 0.928421 0.219585 0.929323 0.229848 0.929023 0.233269 0.929925 0.251657 0.929925 0.253368 0.929023 0.255078 0.926917 0.255933 0.923910 0.256147 0.918195 0.255506 0.906466 0.255506 0.885414 0.255078 0.882707 0.255078 0.867068 0.254223 0.862256 0.254009 0.858647 0.254437 0.845714 0.253581 0.841805
0 0.338465 0.547068 0.335471 0.545564 0.333120 0.545564 0.329699 0.547068 0.324995 0.546466 0.316870 0.546767 0.313876 0.547669 0.299979 0.547368 0.297413 0.548271 0.290785 0.548571 0.283943 0.547970 0.281805 0.549173 0.280522 0.550677 0.280094 0.553083 0.282232 0.557594 0.283087 0.562105 0.283087 0.566316 0.281805 0.575038 0.281805 0.583759 0.282232 0.587669 0.282018 0.601203 0.282660 0.611729 0.283729 0.617143 0.283301 0.627970 0.283729 0.632180 0.284798 0.634887 0.288219 0.636090 0.297627 0.636090 0.300834 0.634887 0.303827 0.636391 0.305965 0.636391 0.308745 0.635188 0.315587 0.635489 0.332692 0.634586 0.338037 0.634887 0.339748 0.634286 0.340817 0.633083 0.341672 0.630075 0.341031 0.620451 0.341458 0.612030 0.341458 0.604211 0.341031 0.600601 0.341244 0.580752 0.340603 0.575639 0.340389 0.567218 0.339748 0.561203 0.339748 0.557594 0.340603 0.552782 0.339748 0.549173
0 0.251443 0.569925 0.250588 0.571429 0.250160 0.573534 0.250160 0.575940 0.249947 0.576241 0.249947 0.583459 0.250160 0.583759 0.250160 0.587068 0.250374 0.587368 0.250588 0.595789 0.250802 0.596090 0.250802 0.598797 0.251016 0.599098 0.250802 0.603007 0.250588 0.603308 0.250588 0.611128 0.250802 0.611429 0.250588 0.611729 0.250588 0.627068 0.250374 0.627368 0.250588 0.627669 0.250802 0.629774 0.251871 0.631278 0.254009 0.632782 0.255292 0.633383 0.258071 0.633684 0.259354 0.634286 0.264700 0.634586 0.264913 0.634887 0.268121 0.634887 0.268334 0.635188 0.276887 0.635188 0.277101 0.634887 0.279666 0.634887 0.280522 0.634286 0.281377 0.632180 0.281377 0.631278 0.281591 0.630977 0.281591 0.626466 0.281377 0.626165 0.281377 0.624361 0.281163 0.624060 0.281163 0.616842 0.280949 0.616541 0.280949 0.612331 0.280736 0.612030 0.280736 0.609925 0.280949 0.609624 0.280736 0.586767 0.280949 0.586466 0.280949 0.582556 0.281163 0.582256 0.281163 0.575038 0.280949 0.574737 0.280736 0.571729 0.279666 0.570526 0.266838 0.570526 0.266624 0.570226 0.264913 0.570226 0.264700 0.569925 0.260210 0.569925 0.259996 0.570226 0.259782 0.569925 0.257430 0.569624 0.255078 0.568421 0.253581 0.568722
0 0.213385 0.548872 0.212316 0.550677 0.211674 0.552782 0.211674 0.558496 0.213171 0.563910 0.212957 0.579248 0.213385 0.584962 0.213385 0.600601 0.213598 0.600902 0.213385 0.630075 0.214026 0.631880 0.215095 0.633083 0.217233 0.634286 0.228352 0.634286 0.228565 0.634586 0.245457 0.634286 0.247167 0.634586 0.249519 0.633383 0.250802 0.631579 0.251657 0.628872 0.251443 0.625564 0.250160 0.617143 0.250588 0.604211 0.250160 0.600000 0.249947 0.592180 0.250802 0.580150 0.249733 0.570526 0.247808 0.563308 0.247808 0.559098 0.250802 0.554887 0.251016 0.552180 0.250588 0.550677 0.249733 0.549774 0.246953 0.548271 0.240753 0.548271 0.239042 0.548872 0.233483 0.548571 0.230703 0.549474 0.226641 0.548271 0.220868 0.547669 0.219158 0.548271 0.216164 0.548271
0 0.088732 0.458647 0.088732 0.525113 0.089801 0.545564 0.092367 0.550376 0.098354 0.548271 0.115886 0.546767 0.163353 0.546767 0.171477 0.544060 0.184734 0.544361 0.190293 0.541654 0.198204 0.542857 0.201625 0.540752 0.208681 0.543759 0.212957 0.541955 0.223648 0.542857 0.233697 0.541353 0.263631 0.543759 0.265341 0.542256 0.266410 0.535338 0.267907 0.533534 0.271969 0.539850 0.280308 0.538647 0.292068 0.541654 0.335258 0.541053 0.338679 0.539549 0.339534 0.536842 0.338679 0.507970 0.339106 0.459248 0.337823 0.456241 0.333975 0.453835 0.267052 0.455338 0.228993 0.453534 0.221296 0.455038 0.216378 0.453534 0.201625 0.455639 0.196707 0.452932 0.173829 0.453534 0.167415 0.451429 0.155655 0.453233 0.151807 0.455639 0.129143 0.453835 0.121873 0.456842 0.114176 0.454737 0.100278 0.453835 0.091084 0.455038
0 0.189224 0.113985 0.184092 0.113985 0.180885 0.117895 0.172974 0.113684 0.158863 0.113985 0.154800 0.112782 0.132991 0.113985 0.132350 0.130827 0.133633 0.138346 0.132136 0.146165 0.133419 0.166015 0.131281 0.170226 0.129998 0.170226 0.128501 0.166617 0.129143 0.143158 0.127860 0.135639 0.128929 0.130226 0.127860 0.126617 0.122728 0.120000 0.123797 0.113985 0.120590 0.114286 0.121659 0.119699 0.118666 0.124511 0.110755 0.125714 0.097498 0.124211 0.095788 0.122406 0.093436 0.114286 0.090870 0.115489 0.089374 0.119398 0.086380 0.114887 0.084242 0.114286 0.082745 0.115789 0.081462 0.129323 0.083173 0.146466 0.081890 0.171128 0.082745 0.225865 0.081462 0.244812 0.082104 0.259850 0.083387 0.264361 0.083814 0.301053 0.085097 0.305564 0.088304 0.302857 0.104982 0.302556 0.121018 0.304962 0.126791 0.303759 0.144965 0.304962 0.171691 0.303759 0.175754 0.305263 0.179816 0.301654 0.185589 0.301955 0.189651 0.299850 0.189438 0.295639 0.193286 0.291128 0.194997 0.291729 0.196493 0.294436 0.197563 0.294135 0.197563 0.288722 0.193286 0.287218 0.192003 0.282707 0.196493 0.273985 0.203549 0.271880 0.202908 0.259850 0.201625 0.256541 0.197349 0.255038 0.191790 0.249624 0.192217 0.242707 0.189224 0.236090 0.189224 0.230977 0.193500 0.227368 0.196280 0.229474 0.197776 0.228271 0.198204 0.221955 0.196493 0.219850 0.192431 0.222857 0.188796 0.218947 0.189651 0.207218 0.191362 0.201805 0.195852 0.198496 0.197776 0.193083 0.200770 0.192180 0.201411 0.188571 0.197563 0.186165 0.195638 0.188271 0.192003 0.188271 0.189224 0.184361
0 0.305538 0.233083 0.304682 0.233083 0.303613 0.234586 0.301475 0.236391 0.298482 0.236992 0.295061 0.239398 0.293564 0.241203 0.292495 0.241805 0.290785 0.241203 0.287364 0.238496 0.282232 0.237293 0.276032 0.237293 0.275818 0.236992 0.271542 0.236692 0.269617 0.238496 0.268762 0.241504 0.268762 0.249624 0.268976 0.249925 0.268976 0.253835 0.269190 0.254135 0.268762 0.266466 0.269190 0.270075 0.269190 0.277293 0.269403 0.277594 0.269403 0.301353 0.270045 0.303459 0.270900 0.304662 0.272397 0.304962 0.275604 0.300451 0.276459 0.300150 0.280094 0.304962 0.280949 0.304962 0.284370 0.302556 0.290143 0.301654 0.290357 0.301353 0.294633 0.301053 0.296344 0.300451 0.298696 0.301353 0.300406 0.302556 0.301903 0.302556 0.305538 0.301053 0.305965 0.299850 0.305752 0.294737 0.306821 0.289925 0.306821 0.286617 0.306607 0.286316 0.306821 0.277594 0.306179 0.271579 0.306607 0.267970 0.306607 0.258346 0.307034 0.255338 0.306821 0.246917 0.307248 0.243910 0.307248 0.241805 0.306607 0.239098 0.306393 0.236090
0 0.341118 0.203640 0.285198 0.202098 0.283005 0.121897 0.336732 0.118812
0 0.275330 0.203640 0.249563 0.205182 0.248466 0.123439 0.278071 0.121126
0 0.242436 0.204411 0.193094 0.202098 0.189257 0.118041 0.239695 0.119584
0 0.341118 0.295408 0.310965 0.297721 0.306579 0.215207 0.338925 0.215978