0 0.261065 0.336457 0.260423 0.358827 0.260851 0.465236 0.261492 0.473700 0.262775 0.476723 0.263844 0.475212 0.266410 0.474305 0.294847 0.474909 0.301689 0.474002 0.313021 0.475212 0.314945 0.472491 0.319436 0.454353 0.320718 0.452539 0.322643 0.451935 0.323284 0.447400 0.326064 0.444680 0.327988 0.440145 0.336541 0.437727 0.339106 0.438331 0.340389 0.439541 0.341672 0.443470 0.344452 0.446191 0.345734 0.443773 0.345734 0.435308 0.347445 0.429867 0.347873 0.384825 0.347231 0.346433 0.346590 0.339782 0.345307 0.336759 0.336541 0.333434 0.330768 0.334039 0.324781 0.333434 0.289929 0.333736 0.286508 0.334643 0.282874 0.333736 0.276032 0.334039 0.271542 0.333132 0.265341 0.333434 0.262989 0.334341
0 0.352790 0.336155 0.351507 0.337969 0.350866 0.341898 0.350866 0.398126 0.350224 0.424123 0.350652 0.428053 0.350652 0.467352 0.351507 0.471584 0.352790 0.473096 0.355356 0.473700 0.391490 0.474607 0.398118 0.476118 0.403891 0.475212 0.405388 0.473096 0.410520 0.453144 0.413299 0.449819 0.414796 0.446493 0.419927 0.440145 0.423776 0.438029 0.427838 0.437727 0.432542 0.435308 0.434894 0.435006 0.436391 0.433192 0.437032 0.431076 0.437460 0.406892 0.437032 0.402056 0.437460 0.384220 0.437032 0.363966 0.437460 0.358827 0.437032 0.340992 0.436391 0.336759 0.431259 0.334039 0.426769 0.333434 0.410306 0.334341 0.403678 0.333434 0.388711 0.333736 0.364550 0.332830 0.357708 0.333132
0 0.446868 0.336155 0.443447 0.340689 0.441095 0.353386 0.441736 0.483676 0.443447 0.488210 0.456917 0.499395 0.465683 0.511185 0.465683 0.514208 0.464400 0.517533 0.460979 0.511487 0.456917 0.511487 0.454993 0.521765 0.456062 0.525695 0.462690 0.529021 0.459269 0.535066 0.462904 0.540508 0.462048 0.553204 0.460124 0.557437 0.453496 0.560157 0.451999 0.559855 0.448792 0.556227 0.447509 0.558343 0.447723 0.562878 0.450075 0.564692 0.458627 0.566505 0.511225 0.564692 0.514219 0.562878 0.527475 0.565296 0.531751 0.564692 0.534531 0.560157 0.535386 0.555320 0.534958 0.544740 0.535814 0.523579 0.536455 0.400544 0.535600 0.343108 0.534531 0.338271 0.531751 0.335248 0.525764 0.334039 0.509728 0.335248 0.506949 0.334341 0.456703 0.333736
0 0.547146 0.336155 0.546077 0.344014 0.546504 0.355502 0.545649 0.372430 0.546504 0.559250 0.547359 0.563482 0.548428 0.564994 0.555057 0.567110 0.572162 0.567715 0.579431 0.566505 0.626684 0.567715 0.630960 0.566203 0.635022 0.566505 0.638657 0.564692 0.640154 0.561669 0.641009 0.555925 0.640154 0.524788 0.635236 0.519952 0.626256 0.524788 0.617490 0.524788 0.615993 0.522370 0.615779 0.512999 0.618345 0.506348 0.622835 0.499093 0.628180 0.493954 0.635022 0.491838 0.638657 0.489420 0.641437 0.483676 0.641437 0.379988 0.640795 0.352781 0.639085 0.340387 0.638016 0.338875 0.631174 0.336155 0.623049 0.334643 0.571734 0.335550 0.554629 0.334341
0 0.316015 0.481258 0.315373 0.483071 0.314945 0.489420 0.313021 0.498791 0.313663 0.506651 0.311097 0.510883 0.309814 0.516324 0.307462 0.518138 0.305752 0.520556 0.304896 0.522672 0.303613 0.533555 0.304469 0.540206 0.304469 0.549275 0.303827 0.559250 0.304255 0.563180 0.305324 0.565296 0.307676 0.566808 0.309600 0.567110 0.317939 0.566203 0.329057 0.567412 0.333547 0.565901 0.343383 0.567110 0.350652 0.566203 0.361129 0.567412 0.364336 0.566505 0.377806 0.567412 0.381655 0.566203 0.386145 0.566808 0.394056 0.566203 0.395767 0.564389 0.396408 0.556832 0.395339 0.529625 0.395553 0.503628 0.394911 0.489420 0.395125 0.482467 0.394270 0.481258 0.374385 0.481258 0.366047 0.483676 0.362198 0.482467 0.348728 0.481862 0.345307 0.480955 0.333547 0.479444 0.327133 0.479444 0.323712 0.478537 0.320077 0.478537 0.317511 0.479746
0 0.425700 0.673519 0.422921 0.662938 0.420569 0.657195 0.418644 0.654474 0.410092 0.646614 0.403464 0.643591 0.397905 0.642382 0.395553 0.640568 0.394911 0.637545 0.394911 0.625453 0.394056 0.623035 0.389994 0.622733 0.387642 0.624547 0.387214 0.629988 0.384007 0.634825 0.385290 0.639057 0.383365 0.640871 0.381013 0.640871 0.379303 0.639057 0.381013 0.634825 0.382083 0.626965 0.383365 0.624547 0.382083 0.623035 0.377806 0.621524 0.369681 0.622733 0.363053 0.621524 0.357922 0.622733 0.348300 0.621524 0.340603 0.625756 0.324139 0.627267 0.313876 0.626360 0.295702 0.626360 0.289929 0.627267 0.285439 0.626058 0.274107 0.627570 0.270259 0.626058 0.264058 0.626360 0.261492 0.627267 0.260423 0.629383 0.261065 0.649335 0.259140 0.663845 0.260210 0.668984 0.259354 0.677751 0.260637 0.685913 0.261492 0.687727 0.262775 0.688331 0.270259 0.685913 0.275390 0.685913 0.279666 0.687122 0.287578 0.685006 0.294847 0.686518 0.304255 0.685611 0.311738 0.686518 0.315159 0.688029 0.334830 0.688331 0.347017 0.687424 0.374599 0.688936 0.378448 0.687424 0.392987 0.686820 0.399188 0.681983 0.403036 0.681983 0.406457 0.683192 0.423134 0.682588 0.425059 0.679867
0 0.406457 0.533253 0.405816 0.535369 0.407312 0.538089 0.414796 0.538694 0.418858 0.536880 0.420355 0.537485 0.422279 0.541112 0.421852 0.548670 0.425914 0.552600 0.424631 0.555623 0.421424 0.558646 0.423134 0.561366 0.427411 0.560762 0.429121 0.561669 0.430190 0.565296 0.429121 0.568924 0.427838 0.570133 0.423134 0.566808 0.420141 0.570738 0.418858 0.571040 0.414796 0.568622 0.411802 0.571644 0.410520 0.571644 0.407526 0.566808 0.403464 0.567110 0.402395 0.570435 0.403891 0.576481 0.401967 0.580411 0.401753 0.583132 0.403464 0.587666 0.402609 0.594015 0.405388 0.600060 0.403036 0.606409 0.403250 0.617291 0.400043 0.623640 0.400043 0.629081 0.403250 0.641475 0.411161 0.643894 0.416720 0.649033 0.423134 0.658404 0.429976 0.678960 0.440453 0.685006 0.457772 0.685308 0.463331 0.686518 0.526833 0.687122 0.530896 0.685308 0.534103 0.681378 0.535600 0.675937 0.536027 0.642382 0.535386 0.601572 0.536027 0.591898 0.535600 0.575877 0.534317 0.572551 0.532179 0.571342 0.465683 0.573156 0.448578 0.572551 0.445157 0.571342 0.437674 0.571947 0.434467 0.568924 0.433611 0.556530 0.430618 0.548368 0.426555 0.545345 0.424631 0.542019 0.425700 0.538694 0.432756 0.535369 0.432328 0.533857 0.427625 0.529927 0.419500 0.532346 0.415865 0.529021 0.410733 0.529323
0 0.675433 0.582225 0.672012 0.589782 0.669446 0.590991 0.667094 0.593410 0.661749 0.591294 0.660466 0.587969 0.658969 0.586457 0.655762 0.586759 0.652341 0.576179 0.650417 0.575877 0.647637 0.577690 0.645499 0.574365 0.642933 0.572854 0.550567 0.572551 0.548215 0.573458 0.547146 0.576784 0.546932 0.664752 0.547787 0.678053 0.552491 0.682285 0.571520 0.685308 0.583494 0.685006 0.606158 0.686215 0.617062 0.685006 0.622835 0.685308 0.633740 0.683192 0.640795 0.683192 0.645072 0.681681 0.646141 0.679867 0.647210 0.669589 0.649134 0.663845 0.649134 0.659915 0.652555 0.648428 0.652555 0.646010 0.650845 0.639964 0.650417 0.636336 0.650845 0.634825 0.654907 0.632104 0.662390 0.633011 0.676074 0.632104 0.679068 0.628779 0.676716 0.622733 0.676502 0.616385 0.675433 0.612757 0.677785 0.606409 0.677571 0.599758
0 0.655335 0.674426 0.655976 0.680774 0.658969 0.683495 0.662390 0.682588 0.667308 0.683495 0.676502 0.683192 0.681420 0.681983 0.683772 0.682588 0.688475 0.687122 0.691683 0.687727 0.700877 0.687727 0.703442 0.688634 0.718837 0.687122 0.742998 0.687122 0.745350 0.688029 0.757751 0.687424 0.797734 0.688029 0.807141 0.685006 0.808852 0.685308 0.812059 0.688029 0.819542 0.687122 0.820611 0.685913 0.821681 0.678356 0.821039 0.629988 0.820611 0.627570 0.819329 0.626058 0.813342 0.624849 0.788326 0.626360 0.755185 0.625151 0.747702 0.625756 0.744708 0.625151 0.741715 0.623035 0.738294 0.625453 0.733376 0.620617 0.715630 0.621524 0.688903 0.620919 0.687193 0.623640 0.686979 0.640568 0.684413 0.643289 0.672226 0.646312 0.669660 0.649637 0.663032 0.655079 0.657473 0.665054 0.655762 0.670193
0 0.814625 0.491838 0.812914 0.490024 0.808638 0.493047 0.804576 0.490326 0.801155 0.492745 0.796665 0.491536 0.791105 0.492140 0.788326 0.490326 0.783408 0.491536 0.777208 0.489420 0.771435 0.483676 0.767372 0.483374 0.763310 0.480048 0.760744 0.481258 0.758178 0.484885 0.754757 0.482467 0.749840 0.486094 0.748129 0.483676 0.745777 0.482769 0.737225 0.488210 0.733590 0.488815 0.729741 0.487606 0.726320 0.489722 0.722044 0.489117 0.717768 0.492140 0.713705 0.491838 0.706650 0.488210 0.700235 0.490629 0.689117 0.487908 0.687193 0.489117 0.683344 0.495768 0.681847 0.516929 0.682275 0.557437 0.685482 0.569226 0.688262 0.572249 0.692966 0.571342 0.697028 0.573761 0.704298 0.575574 0.708574 0.573458 0.714774 0.573458 0.720761 0.575877 0.713492 0.578900 0.708788 0.578900 0.704511 0.576784 0.697028 0.578597 0.694676 0.581620 0.694676 0.584946 0.696814 0.587364 0.703442 0.586155 0.713278 0.586155 0.716271 0.587364 0.725893 0.586155 0.729100 0.589480 0.729527 0.599758 0.726106 0.605804 0.720975 0.603688 0.717768 0.606409 0.703229 0.605804 0.698097 0.601270 0.691041 0.600967 0.688903 0.599154 0.688048 0.611245 0.690614 0.613362 0.695959 0.614571 0.722258 0.614571 0.732948 0.615780 0.738508 0.614268 0.776139 0.613059 0.782125 0.611548 0.787043 0.612757 0.796023 0.612757 0.799658 0.611548 0.805431 0.614268 0.809493 0.613362 0.810776 0.606106 0.809921 0.595828 0.811845 0.541717 0.813770 0.538089 0.817618 0.534764 0.815908 0.529625 0.817832 0.524486 0.816977 0.517533 0.817618 0.503930
0 0.736797 0.336457 0.735942 0.340085 0.735300 0.361548 0.736156 0.373942 0.735728 0.383918 0.736369 0.387545 0.735514 0.405079 0.735728 0.430774 0.737439 0.446493 0.736583 0.451632 0.736369 0.470677 0.737225 0.472793 0.741715 0.476118 0.742784 0.475816 0.748343 0.466445 0.748771 0.463422 0.747915 0.453748 0.744708 0.450423 0.743425 0.447400 0.744067 0.440447 0.745563 0.438634 0.746846 0.438634 0.750053 0.440750 0.753047 0.441354 0.754544 0.442866 0.756254 0.450121 0.759034 0.452539 0.762455 0.457376 0.766303 0.473398 0.768441 0.476421 0.771862 0.477025 0.775925 0.475212 0.787471 0.475212 0.792602 0.476118 0.800513 0.474909 0.804148 0.476421 0.812273 0.475816 0.815908 0.478235 0.819329 0.477025 0.820184 0.475212 0.820825 0.469166 0.820611 0.446493 0.821253 0.431983 0.821039 0.352781 0.820184 0.337062 0.817404 0.334946 0.814197 0.334341 0.764593 0.333434 0.758178 0.334039 0.746632 0.333434
0 0.730383 0.336155 0.722258 0.333434 0.677144 0.333736 0.670729 0.334946 0.650417 0.334643 0.647210 0.335248 0.645499 0.336759 0.644858 0.342805 0.644858 0.431681 0.645927 0.446191 0.645499 0.467654 0.646568 0.472491 0.654693 0.477630 0.657473 0.477630 0.659825 0.476723 0.660894 0.473398 0.663032 0.470979 0.668163 0.470677 0.667094 0.464934 0.661963 0.456469 0.659183 0.448609 0.655976 0.447703 0.653838 0.445284 0.653196 0.440750 0.654479 0.438634 0.663246 0.440750 0.664742 0.441959 0.668805 0.451028 0.672440 0.456771 0.674792 0.464631 0.676074 0.473398 0.677999 0.475514 0.695745 0.474607 0.709643 0.475212 0.711995 0.474305 0.725251 0.474909 0.727603 0.474305 0.731666 0.471282 0.731024 0.447703 0.731666 0.354897 0.731024 0.348549 0.731238 0.340689