0 0.399059 0.123337 0.391360 0.129988 0.393071 0.136034 0.391788 0.168682 0.392643 0.178960 0.390505 0.183797 0.392216 0.205562 0.391360 0.231560 0.395637 0.237001 0.393926 0.241233 0.395637 0.242745 0.399487 0.244559 0.402053 0.244559 0.404619 0.242745 0.402053 0.237001 0.403764 0.234583 0.407613 0.231862 0.409752 0.231560 0.416595 0.235490 0.426005 0.243652 0.443969 0.243652 0.451240 0.244861 0.457228 0.247884 0.465783 0.244559 0.482036 0.246977 0.489307 0.246372 0.521814 0.247279 0.529940 0.246675 0.548760 0.246977 0.553892 0.245466 0.558597 0.239722 0.564585 0.234583 0.565441 0.231862 0.564585 0.225816 0.565013 0.204655 0.563730 0.201935 0.564585 0.192563 0.563302 0.188634 0.564157 0.183495 0.562447 0.179565 0.562447 0.176542 0.565013 0.172914 0.565013 0.159613 0.562447 0.155381 0.562447 0.153265 0.564585 0.149335 0.563730 0.141778 0.565013 0.140266 0.565441 0.135732 0.562447 0.128174 0.550470 0.123640 0.523097 0.123640 0.500428 0.122430 0.494867 0.123035 0.434559 0.122430 0.427288 0.123942 0.417879 0.124547 0.409752 0.122430 0.402053 0.122430
0 0.382806 0.128476 0.374679 0.126663 0.357998 0.126663 0.352010 0.125453 0.343456 0.127570 0.319076 0.125453 0.308383 0.126360 0.291702 0.124244 0.284859 0.121524 0.277160 0.123337 0.260479 0.123942 0.255774 0.122733 0.251925 0.120314 0.243798 0.123035 0.233533 0.122733 0.227545 0.124547 0.222840 0.123942 0.219418 0.121524 0.192900 0.124547 0.171514 0.122128 0.158683 0.123035 0.150984 0.121826 0.146707 0.124849 0.148845 0.131802 0.145851 0.145405 0.147134 0.175635 0.145851 0.189238 0.146279 0.209794 0.143285 0.220073 0.136869 0.223700 0.136441 0.243652 0.139008 0.247582 0.146279 0.250605 0.150128 0.253628 0.150128 0.265719 0.153978 0.266626 0.163388 0.261487 0.168520 0.254232 0.169803 0.248489 0.176219 0.246070 0.210009 0.246070 0.217707 0.247279 0.241660 0.246372 0.249786 0.247582 0.278015 0.246070 0.291702 0.247279 0.310950 0.246675 0.318221 0.247884 0.326347 0.247884 0.334902 0.246372 0.343028 0.248186 0.351583 0.246977 0.355004 0.242745 0.353721 0.233071 0.354577 0.222491 0.352010 0.214329 0.354149 0.206167 0.350727 0.201632 0.355860 0.197703 0.357571 0.194377 0.356287 0.190145 0.349016 0.183797 0.347733 0.178053 0.349444 0.174426 0.352438 0.172310 0.359709 0.169891 0.366553 0.165357 0.381523 0.163845 0.384944 0.161729 0.385372 0.153567 0.382806 0.138150 0.384089 0.130895
0 0.192900 0.254837 0.190761 0.256348 0.189050 0.259976 0.189906 0.263301 0.189906 0.268440 0.189050 0.271463 0.184346 0.277207 0.184346 0.280230 0.185629 0.283857 0.185629 0.288694 0.188195 0.293833 0.188195 0.301088 0.185201 0.310157 0.185201 0.313482 0.187767 0.318622 0.190761 0.321040 0.194183 0.321947 0.200599 0.321342 0.233105 0.321947 0.245081 0.321342 0.248931 0.321947 0.269461 0.322249 0.274594 0.320435 0.278443 0.314087 0.286570 0.308041 0.291702 0.306530 0.300257 0.306530 0.301540 0.305623 0.303251 0.301693 0.304962 0.280532 0.304534 0.257557 0.302823 0.254534 0.298546 0.254232 0.294269 0.255139 0.282720 0.254534 0.278015 0.255744 0.274166 0.255744 0.269461 0.254534 0.266039 0.254534 0.262618 0.255441 0.260051 0.258464 0.260051 0.260278 0.261334 0.262394 0.262190 0.266022 0.262190 0.271463 0.261334 0.274788 0.259196 0.275998 0.258340 0.275695 0.254919 0.269649 0.251925 0.267836 0.250642 0.266324 0.249786 0.262697 0.249786 0.255744 0.248075 0.254837 0.237810 0.253930 0.231822 0.253930 0.228400 0.254534 0.216424 0.254232 0.211292 0.255139 0.208725 0.255139 0.204448 0.254232 0.197177 0.254232
0 0.256202 0.325574 0.253208 0.324970 0.247220 0.324970 0.244226 0.325574 0.236099 0.325574 0.233533 0.326179 0.234816 0.330411 0.237810 0.334039 0.239949 0.338573 0.242943 0.340689 0.241660 0.341596 0.234816 0.341898 0.230111 0.342805 0.209581 0.342503 0.205731 0.343108 0.203593 0.344014 0.200599 0.346433 0.196749 0.344921 0.192472 0.341596 0.192472 0.340085 0.194183 0.336457 0.193755 0.329807 0.192900 0.329202 0.192044 0.329504 0.190334 0.333434 0.187340 0.336457 0.192472 0.340689 0.191617 0.342201 0.186484 0.344921 0.184773 0.347037 0.183918 0.349456 0.183062 0.361548 0.181779 0.370012 0.182207 0.371826 0.181779 0.382406 0.183490 0.384825 0.186912 0.387243 0.189478 0.388150 0.192472 0.390266 0.194611 0.392684 0.197605 0.393591 0.200599 0.393894 0.203165 0.395707 0.204448 0.398126 0.210864 0.402056 0.217280 0.402056 0.219418 0.401149 0.219846 0.400544 0.223695 0.398730 0.229683 0.393894 0.239521 0.389359 0.248075 0.384522 0.256202 0.378779 0.258768 0.376058 0.260051 0.372128 0.260479 0.365780 0.262190 0.362152 0.262190 0.353386 0.260907 0.346131 0.257913 0.342201 0.257913 0.340387 0.259196 0.337364 0.258768 0.328597 0.257913 0.326481
0 0.360137 0.389964 0.357571 0.389359 0.352010 0.391173 0.349444 0.394800 0.346878 0.397219 0.344311 0.401149 0.341317 0.402963 0.334902 0.400846 0.331480 0.395103 0.327630 0.391777 0.320787 0.388150 0.319076 0.387545 0.316510 0.387848 0.313088 0.391173 0.309239 0.393894 0.301967 0.397823 0.296835 0.399940 0.292558 0.403869 0.286570 0.407799 0.283148 0.411427 0.275449 0.413845 0.267750 0.418984 0.261334 0.425333 0.257485 0.427146 0.254919 0.428960 0.252352 0.432588 0.251497 0.435913 0.254919 0.438634 0.260479 0.441657 0.265612 0.445284 0.269889 0.447098 0.275449 0.451330 0.277160 0.451935 0.287425 0.451935 0.292130 0.453446 0.293841 0.453446 0.299829 0.455562 0.304106 0.458585 0.307956 0.460399 0.310094 0.459794 0.313516 0.457376 0.325920 0.452539 0.328058 0.451028 0.330624 0.447400 0.335757 0.443773 0.342600 0.440447 0.350299 0.434401 0.355004 0.432890 0.359281 0.430774 0.363131 0.428053 0.371257 0.423821 0.378101 0.419287 0.381523 0.417775 0.385800 0.414148 0.386655 0.412031 0.383234 0.406892 0.377246 0.402660 0.372541 0.396917 0.368263 0.393289 0.362275 0.391475
0 0.442258 0.313482 0.432849 0.314692 0.426433 0.316203 0.417451 0.323458 0.414885 0.326179 0.405047 0.332830 0.387083 0.341596 0.373824 0.349456 0.372113 0.351270 0.372113 0.353386 0.378529 0.360036 0.388794 0.367896 0.399059 0.377267 0.404192 0.380895 0.406758 0.383615 0.412318 0.387545 0.416595 0.392080 0.426005 0.398730 0.431565 0.398428 0.434132 0.397823 0.439692 0.395103 0.448246 0.388452 0.455518 0.384220 0.473482 0.375453 0.478614 0.371524 0.483747 0.369105 0.492301 0.363059 0.501283 0.366082 0.504277 0.368198 0.506843 0.371524 0.508982 0.371826 0.510265 0.371221 0.511121 0.370012 0.510693 0.365478 0.505133 0.360036 0.494012 0.351572 0.490163 0.347037 0.483319 0.341898 0.478186 0.338875 0.476476 0.336457 0.470060 0.332527 0.465783 0.327690 0.459367 0.322854 0.453807 0.319831 0.449102 0.314087
0 0.499572 0.370919 0.491446 0.372733 0.480753 0.373337 0.472626 0.375756 0.431993 0.400846 0.425577 0.406288 0.419589 0.418380 0.415740 0.420496 0.410180 0.420798 0.402908 0.431076 0.401198 0.435913 0.394354 0.441959 0.384517 0.448307 0.370830 0.451028 0.364842 0.458888 0.357143 0.464027 0.342173 0.471282 0.334474 0.473700 0.325492 0.482467 0.321215 0.484281 0.314799 0.493954 0.318648 0.498489 0.324636 0.498791 0.326775 0.500000 0.329341 0.505139 0.334902 0.511185 0.341745 0.514813 0.349016 0.523277 0.359281 0.529021 0.369119 0.538089 0.375962 0.541112 0.378529 0.544438 0.383661 0.547461 0.384944 0.551391 0.392643 0.554414 0.400770 0.564692 0.409752 0.569528 0.417879 0.578900 0.424294 0.582225 0.423867 0.587969 0.430710 0.589480 0.433704 0.593712 0.440120 0.591898 0.457228 0.582527 0.461078 0.579202 0.466210 0.577690 0.486741 0.563180 0.508982 0.552902 0.510693 0.549577 0.515826 0.547461 0.520530 0.542624 0.525235 0.541112 0.528229 0.538392 0.540205 0.534160 0.547476 0.528718 0.559453 0.523579 0.563302 0.518138 0.575278 0.515115 0.582977 0.509371 0.595808 0.502721 0.606501 0.499698 0.613772 0.492745 0.619760 0.490931 0.624038 0.487001 0.627887 0.485490 0.633020 0.479444 0.641146 0.476118 0.639435 0.472491 0.627887 0.460097 0.614628 0.452237 0.601369 0.448609 0.600513 0.445586 0.601796 0.441657 0.600086 0.440145 0.590248 0.441959 0.587254 0.436518 0.572284 0.427449 0.562447 0.419589 0.554748 0.409915 0.547904 0.405986 0.544910 0.402056 0.537639 0.396917 0.533362 0.395103 0.529512 0.388452 0.520103 0.382709 0.511548 0.375151
0 0.330197 0.382709 0.330197 0.387243 0.330624 0.387545 0.331052 0.390266 0.331908 0.391475 0.332763 0.394498 0.335329 0.396614 0.337040 0.396614 0.337468 0.396917 0.342600 0.396917 0.343884 0.396614 0.346878 0.394800 0.354149 0.392080 0.356287 0.390568 0.357571 0.388755 0.360137 0.386941 0.368263 0.389964 0.370402 0.391173 0.374252 0.394196 0.375962 0.394800 0.378956 0.394498 0.381095 0.393591 0.381095 0.386941 0.380667 0.386638 0.380240 0.383313 0.382806 0.381499 0.384944 0.381802 0.386228 0.383313 0.386655 0.385127 0.388366 0.388452 0.388366 0.393289 0.389222 0.393894 0.393926 0.394800 0.396065 0.394800 0.398204 0.395405 0.399487 0.396312 0.401198 0.398428 0.403764 0.397219 0.407613 0.396917 0.408469 0.396614 0.409752 0.395405 0.409752 0.393289 0.408469 0.392382 0.408041 0.391475 0.405475 0.390266 0.400342 0.386941 0.397776 0.384825 0.395210 0.380895 0.393499 0.377267 0.391788 0.376058 0.387938 0.375151 0.385800 0.374244 0.379384 0.370012 0.377246 0.365478 0.376390 0.364571 0.374679 0.363664 0.373396 0.363664 0.371685 0.362757 0.370830 0.359734 0.368263 0.356711 0.366553 0.356106 0.365697 0.356409 0.364842 0.358525 0.365269 0.361850 0.365697 0.362455 0.367836 0.363664 0.369547 0.363664 0.371257 0.364571 0.373396 0.369710 0.372968 0.371524 0.370402 0.373337 0.367836 0.374244 0.363131 0.374547 0.360137 0.375453 0.357143 0.377570 0.353293 0.379081 0.350727 0.379686 0.334046 0.379686 0.331480 0.380895
0 0.339179 0.328295 0.335757 0.326481 0.329341 0.325574 0.322498 0.325574 0.313088 0.327086 0.305389 0.327086 0.293413 0.324970 0.292130 0.323156 0.293841 0.321342 0.294696 0.318622 0.295124 0.312273 0.293841 0.310762 0.291702 0.310762 0.289564 0.312576 0.287425 0.316203 0.282293 0.319528 0.275877 0.325272 0.266895 0.328295 0.263901 0.330109 0.263045 0.331923 0.262618 0.348247 0.264328 0.355200 0.264756 0.364571 0.263045 0.368198 0.260907 0.376663 0.257485 0.380290 0.251497 0.384522 0.246792 0.386336 0.242515 0.389661 0.233961 0.392987 0.228828 0.394196 0.227545 0.395103 0.227545 0.405683 0.227117 0.406590 0.221129 0.410822 0.219846 0.412636 0.221129 0.417170 0.222840 0.418682 0.225834 0.419891 0.233533 0.421100 0.236099 0.421100 0.241232 0.418682 0.244226 0.418682 0.248931 0.419891 0.258768 0.420193 0.260479 0.419589 0.265612 0.415659 0.270317 0.413845 0.275877 0.409311 0.283148 0.405079 0.304534 0.397521 0.307528 0.393894 0.315227 0.387545 0.322070 0.383313 0.322498 0.381802 0.320359 0.377267 0.325064 0.370314 0.326775 0.369710 0.328058 0.371524 0.332763 0.373942 0.335329 0.373942 0.337468 0.372430 0.339179 0.369408 0.343884 0.366687 0.348589 0.358827 0.360565 0.351572 0.361848 0.350060 0.361848 0.347642 0.359281 0.345224 0.357998 0.344619 0.354577 0.344619 0.349872 0.343712 0.347305 0.342201 0.345167 0.334946
0 0.308383 0.256651 0.306245 0.258464 0.305389 0.261790 0.306245 0.286578 0.305389 0.303507 0.306245 0.312878 0.304534 0.318924 0.306245 0.322854 0.310950 0.324365 0.327203 0.324667 0.334474 0.321342 0.342173 0.321040 0.346022 0.323156 0.349016 0.328597 0.352010 0.329807 0.357143 0.328900 0.366980 0.328295 0.369119 0.326784 0.370402 0.324063 0.372968 0.322551 0.382806 0.322551 0.384089 0.324063 0.384089 0.325877 0.381095 0.330411 0.376390 0.333434 0.366980 0.332527 0.363131 0.334643 0.362703 0.336759 0.366125 0.340992 0.368691 0.342805 0.373824 0.344921 0.375535 0.344921 0.378956 0.343712 0.383234 0.343410 0.389222 0.338875 0.393499 0.337666 0.395210 0.336457 0.396920 0.330411 0.400342 0.328597 0.409752 0.327388 0.412746 0.325272 0.417023 0.319226 0.417023 0.316808 0.414885 0.314087 0.413601 0.308948 0.412746 0.283555 0.414029 0.276904 0.414029 0.272068 0.413174 0.270556 0.408041 0.267836 0.400342 0.266324 0.398204 0.264510 0.397776 0.260580 0.396493 0.258464 0.393499 0.256046 0.391360 0.255441 0.382378 0.256046 0.375535 0.257255 0.365269 0.256953 0.356715 0.257860 0.353293 0.259371 0.351583 0.261790 0.349444 0.261185 0.347733 0.256953 0.344311 0.255441 0.323781 0.254232
0 0.405475 0.734583 0.401198 0.738513 0.400342 0.740024 0.400342 0.741838 0.403764 0.747279 0.405047 0.757255 0.403336 0.765719 0.402908 0.774788 0.401625 0.779625 0.401625 0.782648 0.403336 0.788392 0.406330 0.793229 0.406758 0.795345 0.411463 0.804414 0.414885 0.805623 0.425150 0.806832 0.434132 0.807134 0.442258 0.806227 0.447391 0.807134 0.453379 0.807134 0.459795 0.806227 0.467494 0.806227 0.476048 0.803809 0.485458 0.803204 0.493584 0.803204 0.498717 0.804414 0.501283 0.804111 0.505988 0.802297 0.509410 0.802297 0.514115 0.804414 0.518820 0.804414 0.522669 0.802902 0.529085 0.794135 0.529085 0.787485 0.527802 0.783253 0.527802 0.779625 0.529085 0.776300 0.528229 0.764813 0.529512 0.758767 0.529512 0.749093 0.527802 0.738210 0.525235 0.735490 0.522241 0.733676 0.517964 0.732164 0.505560 0.732467 0.498717 0.731862 0.463216 0.731862 0.440120 0.732769 0.422156 0.731258 0.411463 0.732164 0.408896 0.732769
0 0.643285 0.733978 0.639435 0.733071 0.624465 0.733374 0.624038 0.733071 0.614200 0.733071 0.609068 0.732164 0.604363 0.732164 0.596664 0.733071 0.572284 0.732769 0.568007 0.733676 0.566296 0.734583 0.565441 0.736397 0.565441 0.741838 0.564585 0.745163 0.565013 0.763906 0.565441 0.764208 0.565868 0.778416 0.566296 0.778718 0.566296 0.783555 0.565441 0.788089 0.565441 0.805018 0.567151 0.808948 0.568435 0.809855 0.575278 0.811064 0.582121 0.812878 0.585115 0.812878 0.590676 0.811971 0.598375 0.807739 0.612062 0.805623 0.615056 0.804414 0.613345 0.804111 0.609068 0.801693 0.606074 0.796554 0.603507 0.794135 0.605646 0.792322 0.619760 0.791717 0.624465 0.791112 0.641574 0.790810 0.647990 0.788996 0.650984 0.786880 0.649273 0.782346 0.648845 0.772370 0.646707 0.765417 0.647134 0.746070 0.645423 0.739722 0.644996 0.735490
0 0.644140 0.794135 0.639863 0.793229 0.630453 0.794135 0.624465 0.796554 0.616767 0.797763 0.607784 0.798368 0.607357 0.800484 0.608640 0.802297 0.609923 0.807134 0.612062 0.808343 0.617194 0.808948 0.619760 0.809855 0.620616 0.811669 0.618477 0.813180 0.615911 0.816808 0.616767 0.820133 0.616339 0.822551 0.615056 0.824063 0.611634 0.826179 0.607784 0.827690 0.601796 0.828597 0.597091 0.828597 0.591959 0.826784 0.590676 0.826784 0.586826 0.828900 0.580838 0.830713 0.567151 0.831923 0.565868 0.834039 0.565441 0.837062 0.565441 0.843108 0.565868 0.843410 0.565441 0.863966 0.564585 0.867291 0.564585 0.870012 0.565441 0.871524 0.567151 0.872733 0.581694 0.873035 0.582121 0.872733 0.594098 0.872733 0.605218 0.872128 0.631309 0.872128 0.633875 0.871524 0.642429 0.870617 0.644140 0.869407 0.644996 0.856711 0.644568 0.854293 0.643285 0.852479 0.643713 0.851270 0.645851 0.849154 0.647562 0.840689 0.646707 0.834039 0.644140 0.827690 0.644140 0.821947 0.646279 0.816505 0.645851 0.806530 0.645423 0.806227 0.645851 0.796554
0 0.405047 0.851270 0.406330 0.857316 0.401198 0.863362 0.403764 0.870919 0.402053 0.880290 0.399059 0.885429 0.399487 0.887848 0.403764 0.891173 0.404619 0.893894 0.402053 0.902358 0.397776 0.909311 0.398204 0.911427 0.403764 0.915357 0.404192 0.917171 0.402053 0.921100 0.399059 0.935308 0.401625 0.938634 0.407613 0.939541 0.412318 0.942866 0.428999 0.944377 0.449957 0.943470 0.493584 0.945586 0.500855 0.944075 0.542772 0.944680 0.571429 0.943168 0.583832 0.945284 0.623182 0.942563 0.627887 0.945586 0.633875 0.946493 0.639435 0.944680 0.644568 0.934401 0.654833 0.928356 0.653122 0.911125 0.656116 0.905985 0.654833 0.897521 0.657399 0.892080 0.655261 0.888150 0.647134 0.885127 0.645851 0.875756 0.642429 0.871221 0.636869 0.870919 0.625321 0.873337 0.565868 0.873942 0.557314 0.870617 0.544910 0.871826 0.532079 0.870919 0.529512 0.869407 0.531651 0.867291 0.539350 0.866687 0.546621 0.864571 0.551326 0.864571 0.556459 0.866687 0.558597 0.865478 0.559880 0.861548 0.559025 0.855502 0.556459 0.853990 0.549187 0.856106 0.545338 0.855200 0.540633 0.852177 0.537211 0.846735 0.539778 0.844921 0.541916 0.844921 0.547904 0.847340 0.556459 0.847037 0.564157 0.835550 0.563730 0.833736 0.559880 0.832225 0.540633 0.832527 0.533790 0.827993 0.523524 0.824063 0.496578 0.826179 0.494012 0.827993 0.498289 0.851270 0.497006 0.852781 0.489735 0.854595 0.482891 0.860036 0.472626 0.860036 0.461506 0.857618 0.459367 0.856106 0.454662 0.859129 0.440120 0.860036 0.434132 0.857618 0.433704 0.847944 0.431993 0.845828 0.429855 0.845526 0.422583 0.845828 0.415740 0.850060 0.409752 0.848247