0 0.258845 0.147134 0.257333 0.148845 0.257333 0.239521 0.257938 0.254491 0.257333 0.272455 0.257938 0.277160 0.257635 0.319076 0.258240 0.322926 0.257635 0.329341 0.257635 0.371685 0.258542 0.380667 0.262776 0.382806 0.338978 0.382378 0.340490 0.380667 0.341397 0.372113 0.339885 0.323781 0.341095 0.279299 0.339885 0.200171 0.342607 0.191617 0.344119 0.174508 0.343514 0.154833 0.342607 0.150128 0.341397 0.147990 0.337768 0.146279 0.263985 0.145851
0 0.410039 0.203165 0.407015 0.202310 0.403387 0.205304 0.381312 0.204448 0.381010 0.204876 0.372845 0.204876 0.369217 0.206587 0.359238 0.204876 0.352888 0.205304 0.349562 0.204021 0.347747 0.204021 0.345630 0.202737 0.344421 0.203165 0.343514 0.206587 0.344119 0.210864 0.343816 0.218563 0.345328 0.224551 0.345630 0.245509 0.345933 0.245937 0.345630 0.254491 0.346235 0.257913 0.345933 0.283576 0.345026 0.289564 0.346235 0.293413 0.347142 0.294696 0.348352 0.295552 0.355609 0.295979 0.355912 0.296407 0.359843 0.296407 0.360145 0.295979 0.389174 0.296407 0.389477 0.295979 0.407620 0.295979 0.410342 0.293841 0.410946 0.290847 0.410946 0.281437 0.410342 0.278015 0.410342 0.267323 0.410039 0.266895 0.410342 0.249358 0.410644 0.248931 0.410342 0.239093 0.410946 0.233961 0.411249 0.222840 0.410039 0.216424 0.410039 0.211719 0.411854 0.206159
0 0.462353 0.207442 0.460841 0.222412 0.460841 0.228400 0.461143 0.228828 0.460841 0.243370 0.461748 0.251925 0.461748 0.256630 0.461445 0.257057 0.461445 0.273738 0.461748 0.274166 0.461445 0.291275 0.462050 0.294269 0.462957 0.295552 0.466284 0.296407 0.466586 0.295979 0.477774 0.295552 0.480798 0.294269 0.482310 0.294269 0.486241 0.297263 0.489568 0.297690 0.492289 0.295552 0.494406 0.292558 0.495615 0.293413 0.502570 0.293841 0.504385 0.292558 0.506501 0.292130 0.508013 0.290847 0.510735 0.286142 0.512549 0.288281 0.515573 0.289564 0.519202 0.289564 0.523133 0.290419 0.524645 0.289136 0.525249 0.286570 0.525249 0.283148 0.526157 0.278015 0.526157 0.272883 0.526459 0.272455 0.526157 0.252780 0.525854 0.252352 0.526157 0.240804 0.524947 0.229683 0.524947 0.222840 0.525249 0.222412 0.524947 0.210436 0.525552 0.207442 0.523737 0.206159 0.507711 0.207015 0.507409 0.206587 0.497732 0.206159 0.497430 0.205731 0.487148 0.206159 0.486846 0.205731 0.479589 0.205731 0.479286 0.205304 0.472634 0.205304 0.472331 0.205731 0.464469 0.205304
0 0.388570 0.305389 0.387663 0.352010 0.388267 0.363131 0.388872 0.365697 0.390082 0.366980 0.443604 0.366980 0.449047 0.368691 0.455700 0.359709 0.459026 0.353721 0.461445 0.346022 0.464772 0.338751 0.466284 0.330624 0.470517 0.321642 0.472331 0.313516 0.473541 0.310950 0.478379 0.310950 0.480194 0.312233 0.481705 0.314371 0.482310 0.317365 0.479589 0.327630 0.477774 0.330624 0.472936 0.344311 0.469005 0.352438 0.466888 0.362703 0.465679 0.365697 0.466284 0.367408 0.468098 0.368691 0.471727 0.368691 0.478682 0.366980 0.493196 0.366553 0.496825 0.367836 0.502873 0.368263 0.505594 0.365697 0.504687 0.340034 0.505897 0.305389 0.504989 0.302823 0.503477 0.301540 0.499244 0.299829 0.496523 0.299829 0.489870 0.302823 0.486241 0.302395 0.484427 0.298546 0.482310 0.296407 0.477472 0.297690 0.473843 0.296835 0.463865 0.297690 0.456910 0.295124 0.448443 0.295124 0.444512 0.293413 0.419111 0.293413 0.415482 0.292130 0.412761 0.294696 0.410644 0.299401 0.406411 0.300684 0.394920 0.299401 0.390384 0.301967
0 0.387360 0.299401 0.386151 0.298973 0.385848 0.298546 0.385243 0.298546 0.384941 0.298118 0.384034 0.298118 0.383731 0.297690 0.382220 0.297690 0.381917 0.297263 0.379498 0.297263 0.379196 0.297690 0.361052 0.297690 0.360750 0.298118 0.360145 0.298118 0.358936 0.298973 0.358331 0.299829 0.358028 0.300684 0.358028 0.317365 0.358331 0.317793 0.358331 0.328486 0.358028 0.328914 0.358028 0.331480 0.358331 0.331908 0.358331 0.351155 0.358028 0.351583 0.358028 0.355432 0.358331 0.355860 0.358331 0.361848 0.358028 0.362275 0.358028 0.365697 0.359540 0.366980 0.360145 0.366980 0.360448 0.367408 0.364681 0.367408 0.364983 0.366980 0.376172 0.366980 0.376474 0.367408 0.383127 0.367408 0.383429 0.366980 0.385243 0.366980 0.386453 0.366125 0.387058 0.365269 0.387360 0.364414 0.387360 0.345595 0.387058 0.345167 0.387058 0.340890 0.387360 0.340462 0.387360 0.337040 0.387663 0.336612 0.387663 0.334474 0.387360 0.334046 0.387360 0.326775 0.387058 0.326347 0.387058 0.312660 0.387360 0.312233 0.387360 0.304534 0.387663 0.304106 0.387965 0.301540 0.388267 0.301112
0 0.523435 0.370402 0.520109 0.369974 0.516783 0.370830 0.484427 0.371257 0.482008 0.372113 0.467796 0.370830 0.464469 0.371685 0.462353 0.374252 0.461143 0.380667 0.461143 0.391788 0.460538 0.396493 0.460236 0.407613 0.460538 0.415312 0.460236 0.488879 0.461445 0.491873 0.463865 0.492729 0.474146 0.492301 0.477774 0.491446 0.479589 0.492729 0.495011 0.493157 0.503780 0.492729 0.510432 0.493157 0.515573 0.491873 0.523133 0.493584 0.524947 0.491873 0.525552 0.489735 0.525249 0.483747 0.525552 0.391360 0.525249 0.375962 0.524645 0.372541
0 0.424252 0.435843 0.418506 0.435843 0.418204 0.435415 0.416994 0.435415 0.416692 0.434987 0.414575 0.434987 0.413366 0.436698 0.413366 0.437126 0.413063 0.437553 0.413063 0.437981 0.412761 0.438409 0.412761 0.438837 0.412458 0.439264 0.412458 0.440975 0.412156 0.441403 0.412156 0.442686 0.412458 0.443114 0.412458 0.444825 0.412761 0.445252 0.412761 0.446108 0.413063 0.446535 0.413063 0.448246 0.413366 0.448674 0.413366 0.454234 0.413063 0.454662 0.413063 0.460650 0.413366 0.461078 0.413366 0.461933 0.413668 0.462361 0.413668 0.462789 0.413970 0.463216 0.413970 0.463644 0.414575 0.464500 0.415180 0.464500 0.415482 0.464072 0.415785 0.464072 0.416692 0.462789 0.416692 0.462361 0.417901 0.460650 0.417901 0.460222 0.418809 0.458939 0.418809 0.458084 0.419111 0.457656 0.419111 0.457228 0.419413 0.456801 0.419413 0.455945 0.419716 0.455518 0.419716 0.455090 0.420018 0.454662 0.420018 0.453807 0.420321 0.453379 0.420321 0.451668 0.420623 0.451240 0.420623 0.449957 0.420925 0.449530 0.420925 0.448674 0.421228 0.448246 0.421228 0.447819 0.421833 0.446963 0.421833 0.446535 0.423647 0.443969 0.423647 0.443541 0.423949 0.443114 0.423949 0.442686 0.424252 0.442258 0.424252 0.441831 0.424554 0.441403 0.424554 0.438409 0.424856 0.437981 0.424856 0.437126 0.424554 0.436698 0.424554 0.436270
0 0.457817 0.434559 0.456910 0.433276 0.456305 0.433276 0.456002 0.432849 0.455700 0.433276 0.453281 0.433704 0.452979 0.434132 0.448443 0.434132 0.448140 0.434559 0.446931 0.434559 0.446628 0.434987 0.444209 0.435415 0.443907 0.435843 0.440883 0.435843 0.439371 0.437126 0.436347 0.442258 0.435742 0.443969 0.435138 0.447391 0.433928 0.450813 0.433323 0.451668 0.433021 0.452951 0.432416 0.453807 0.432114 0.455090 0.430602 0.458084 0.428787 0.463216 0.428485 0.465783 0.428183 0.466210 0.428183 0.467494 0.427880 0.467921 0.427275 0.471343 0.424252 0.479897 0.423949 0.481608 0.422437 0.483747 0.420925 0.484602 0.419716 0.485885 0.419413 0.485458 0.418809 0.485458 0.418204 0.484602 0.416389 0.483319 0.414575 0.483319 0.413063 0.485458 0.412458 0.487169 0.412458 0.489735 0.412761 0.490590 0.414273 0.491873 0.416389 0.491873 0.418809 0.490163 0.420623 0.490163 0.420925 0.490590 0.423344 0.491018 0.423647 0.491446 0.426066 0.491873 0.426368 0.492301 0.435742 0.492301 0.436045 0.491873 0.442697 0.491873 0.443000 0.492301 0.447233 0.492301 0.447536 0.491873 0.457212 0.491873 0.458422 0.490163 0.458422 0.489307 0.458724 0.488879 0.458724 0.487169 0.459026 0.486741 0.459026 0.483747 0.459329 0.483319 0.459329 0.479897 0.459026 0.479470 0.459026 0.473909 0.459329 0.473482 0.459329 0.467921 0.459026 0.467494 0.459026 0.464072 0.459329 0.463644 0.459329 0.450385 0.459631 0.449957 0.459631 0.447391 0.459329 0.446963 0.459329 0.444825 0.459026 0.444397 0.458724 0.441831 0.458422 0.441403 0.458422 0.439692 0.458119 0.439264 0.458119 0.435843 0.457817 0.435415
0 0.452071 0.370830 0.451769 0.370830 0.451164 0.369974 0.450257 0.369974 0.449955 0.369547 0.447536 0.369547 0.447233 0.369119 0.437557 0.369547 0.437254 0.369974 0.432416 0.369974 0.432114 0.369547 0.420925 0.369547 0.420623 0.369974 0.418506 0.369974 0.418204 0.369547 0.414575 0.369547 0.413063 0.370830 0.412761 0.371685 0.412761 0.378956 0.413063 0.379384 0.413063 0.385372 0.412761 0.385800 0.412761 0.396920 0.412458 0.397348 0.412458 0.404192 0.412761 0.404619 0.412761 0.409752 0.412458 0.410180 0.412458 0.413174 0.412761 0.413601 0.412761 0.415740 0.413063 0.416168 0.413063 0.428144 0.412761 0.428571 0.412761 0.429855 0.413063 0.430282 0.413063 0.431993 0.413668 0.433276 0.413668 0.434132 0.414575 0.435415 0.415180 0.435415 0.415482 0.435843 0.417599 0.435843 0.417901 0.436270 0.420321 0.436270 0.420623 0.436698 0.422437 0.436698 0.422740 0.437126 0.423949 0.437126 0.424252 0.436698 0.424856 0.436698 0.428485 0.434132 0.433928 0.426005 0.434835 0.423867 0.434835 0.420445 0.435138 0.420017 0.435138 0.418306 0.435742 0.416595 0.436952 0.414885 0.437859 0.411463 0.439673 0.408896 0.440581 0.408469 0.441185 0.407613 0.442093 0.405047 0.442093 0.404192 0.442697 0.402481 0.442697 0.401198 0.443000 0.400770 0.443000 0.399059 0.443302 0.398631 0.443302 0.397776 0.443907 0.396920 0.445116 0.393499 0.445419 0.390932 0.445721 0.390505 0.445721 0.389222 0.446024 0.388794 0.446326 0.387083 0.446931 0.386228 0.447233 0.384944 0.452676 0.378101 0.452979 0.378101 0.453583 0.376818 0.452676 0.372113
0 0.348654 0.369974 0.347445 0.372113 0.346538 0.384089 0.346538 0.410607 0.346840 0.419162 0.347747 0.422583 0.347747 0.473054 0.346840 0.484174 0.346840 0.489307 0.347445 0.491018 0.350166 0.492729 0.353795 0.493157 0.362867 0.492729 0.364681 0.491873 0.370124 0.491873 0.372543 0.492729 0.394920 0.492729 0.399153 0.491018 0.403084 0.491018 0.407620 0.492301 0.410342 0.490590 0.411249 0.487596 0.410946 0.475192 0.411854 0.469204 0.412156 0.459367 0.411249 0.454662 0.411249 0.445680 0.410644 0.443541 0.410946 0.434559 0.409737 0.430282 0.411249 0.425577 0.411249 0.422156 0.410644 0.419589 0.410644 0.406330 0.411249 0.400770 0.410644 0.395210 0.410644 0.380667 0.411249 0.376818 0.410039 0.371685 0.408830 0.369974 0.407318 0.369119 0.398246 0.369119 0.396129 0.369974 0.388267 0.369974 0.383127 0.369119 0.377381 0.369119 0.373753 0.369974 0.366495 0.369119 0.357121 0.369119 0.355005 0.369974
0 0.524645 0.502994 0.517690 0.502566 0.514061 0.504277 0.511340 0.504705 0.497127 0.504705 0.495918 0.505560 0.495011 0.507699 0.496220 0.529085 0.496220 0.601369 0.495615 0.609923 0.495918 0.676647 0.495313 0.679641 0.495918 0.687340 0.494406 0.692472 0.494406 0.695038 0.495918 0.697605 0.497430 0.698460 0.503477 0.698460 0.513759 0.693328 0.516480 0.687767 0.519202 0.685201 0.520714 0.682635 0.523737 0.675364 0.527971 0.658683 0.528576 0.646279 0.527669 0.639008 0.527669 0.612917 0.527064 0.607784 0.527669 0.597091 0.527669 0.588537 0.527064 0.583405 0.527669 0.559453 0.527064 0.553037 0.527366 0.505988 0.526459 0.504277