0 0.300060 0.089393 0.295221 0.093242 0.293406 0.097947 0.292801 0.126176 0.294011 0.160821 0.297036 0.163388 0.299456 0.164243 0.303690 0.164243 0.307925 0.162960 0.333938 0.164671 0.335148 0.165526 0.335148 0.166809 0.325469 0.170231 0.300060 0.169376 0.296431 0.172370 0.296431 0.179213 0.295221 0.182207 0.295826 0.184346 0.300665 0.186912 0.310950 0.188623 0.317604 0.188623 0.323049 0.189478 0.326679 0.189478 0.330914 0.188195 0.359952 0.188623 0.365396 0.187767 0.375076 0.188195 0.381125 0.186912 0.385965 0.186912 0.393829 0.188195 0.402299 0.188195 0.415608 0.189478 0.419843 0.191189 0.424682 0.191617 0.426497 0.190334 0.430127 0.183490 0.430732 0.172797 0.425287 0.166382 0.417423 0.166382 0.415608 0.163815 0.415003 0.153122 0.416818 0.149701 0.416818 0.145423 0.415003 0.137297 0.415003 0.131737 0.417423 0.126176 0.417423 0.123610 0.416213 0.121044 0.416818 0.113345 0.415003 0.108212 0.416213 0.100086 0.414398 0.094098 0.411978 0.092387 0.407139 0.091104 0.370841 0.091531 0.362976 0.090676 0.353902 0.090676 0.340593 0.092387 0.324864 0.091104 0.311555 0.088109 0.304295 0.088109
0 0.897762 0.091531 0.891107 0.089393 0.880823 0.089393 0.874168 0.090676 0.854809 0.090676 0.832426 0.092814 0.825771 0.091959 0.813067 0.092387 0.807018 0.091531 0.790684 0.091531 0.788264 0.093242 0.787659 0.098375 0.790079 0.123610 0.790079 0.151411 0.788869 0.166382 0.790079 0.167237 0.805808 0.167237 0.811252 0.168948 0.821537 0.175364 0.825771 0.176647 0.833031 0.182635 0.831821 0.184773 0.827586 0.185629 0.815487 0.186056 0.806413 0.187767 0.796128 0.187767 0.788869 0.188623 0.788264 0.195038 0.790079 0.201454 0.806413 0.201882 0.813067 0.200599 0.826981 0.200171 0.831216 0.198460 0.834241 0.198888 0.836056 0.200171 0.853600 0.200171 0.862674 0.198888 0.868724 0.198888 0.878403 0.200171 0.889292 0.200599 0.894737 0.197605 0.896552 0.189906 0.907441 0.186056 0.908651 0.184773 0.909256 0.181779 0.908046 0.177074 0.907441 0.164671 0.905626 0.156544 0.905626 0.153550 0.907441 0.149273 0.906836 0.140719 0.905626 0.136869 0.906231 0.130026 0.905021 0.126604 0.905021 0.118477 0.901391 0.112917 0.903206 0.103080 0.903206 0.095808
0 0.707199 0.092814 0.704174 0.091959 0.692075 0.091531 0.691470 0.091104 0.683606 0.091104 0.683001 0.091531 0.681791 0.091104 0.670296 0.091104 0.666667 0.091959 0.652148 0.091959 0.651543 0.092387 0.635209 0.091959 0.634604 0.092387 0.629764 0.092814 0.626739 0.094525 0.626134 0.095381 0.626134 0.099658 0.625529 0.100086 0.625529 0.128743 0.624924 0.129170 0.625529 0.140719 0.624924 0.141146 0.624924 0.144568 0.625529 0.144996 0.625529 0.151411 0.626134 0.151839 0.626134 0.156544 0.626739 0.156972 0.626739 0.161249 0.627344 0.161677 0.627344 0.171514 0.628554 0.173653 0.629764 0.174508 0.632184 0.175364 0.640653 0.175791 0.641258 0.176219 0.658197 0.176219 0.664247 0.174080 0.667877 0.171514 0.669691 0.169376 0.672111 0.168092 0.674531 0.168092 0.682396 0.171514 0.690260 0.171942 0.695100 0.173225 0.700544 0.173653 0.704174 0.174508 0.707199 0.174508 0.710829 0.173225 0.714459 0.171086 0.716878 0.168092 0.716878 0.164671 0.713249 0.160821 0.713249 0.155261 0.712644 0.154833 0.712644 0.153122 0.709619 0.150128 0.706594 0.149273 0.708409 0.147990 0.713249 0.146707 0.715668 0.144568 0.715668 0.142002 0.713249 0.139863 0.711434 0.136869 0.711434 0.121899 0.710829 0.121471 0.710829 0.115056 0.710224 0.114628 0.710224 0.109495 0.710829 0.109068 0.710829 0.106501 0.710224 0.106074 0.710224 0.095381
0 0.714459 0.508554 0.711434 0.506843 0.707804 0.505560 0.704174 0.505560 0.698125 0.507271 0.689655 0.506843 0.689050 0.506416 0.675741 0.506416 0.675136 0.506843 0.672111 0.506843 0.671506 0.506416 0.663037 0.506416 0.657592 0.507699 0.653358 0.507699 0.652753 0.508127 0.649123 0.508127 0.648518 0.508554 0.643678 0.508554 0.641258 0.509410 0.639443 0.509410 0.637628 0.508554 0.632789 0.507699 0.627344 0.509838 0.624924 0.511548 0.624924 0.513687 0.626739 0.517536 0.627344 0.527374 0.627949 0.527802 0.628554 0.530796 0.627949 0.531223 0.627344 0.535500 0.624924 0.539778 0.624924 0.543199 0.625529 0.543627 0.626134 0.552181 0.626739 0.552609 0.626739 0.554748 0.627344 0.555175 0.627344 0.557314 0.627949 0.557742 0.627949 0.560736 0.629159 0.562874 0.630369 0.563302 0.633394 0.563302 0.640048 0.561163 0.648518 0.561163 0.652753 0.562447 0.656987 0.565013 0.658802 0.568435 0.659407 0.571429 0.660617 0.572712 0.661222 0.574423 0.663642 0.576989 0.666667 0.578272 0.668482 0.578272 0.671506 0.579127 0.675136 0.579127 0.675741 0.578700 0.678161 0.578700 0.681791 0.577844 0.687235 0.577844 0.687840 0.578272 0.690865 0.578272 0.691470 0.577844 0.699335 0.577844 0.699939 0.578272 0.707804 0.578700 0.708409 0.578272 0.710224 0.578272 0.715064 0.576561 0.716273 0.575706 0.718693 0.575278 0.721113 0.572712 0.721113 0.565868 0.720508 0.564585 0.719298 0.563730 0.719298 0.562874 0.718088 0.561591 0.718088 0.559880 0.717483 0.559453 0.718088 0.552181 0.717483 0.551754 0.717483 0.548332 0.716878 0.547904 0.716273 0.522669 0.715668 0.522241 0.715668 0.514542 0.716273 0.514115 0.716273 0.511121
0 0.796733 0.505988 0.790079 0.503422 0.779794 0.502994 0.773140 0.501283 0.762855 0.501711 0.758621 0.500000 0.755596 0.499572 0.749546 0.500855 0.743497 0.500000 0.733817 0.500000 0.733212 0.500428 0.722928 0.500428 0.721718 0.500855 0.719298 0.503849 0.714459 0.506843 0.713249 0.509838 0.713854 0.514115 0.717483 0.517964 0.715064 0.526518 0.715064 0.535928 0.717483 0.539778 0.717483 0.543627 0.714459 0.552181 0.714459 0.556031 0.715064 0.556459 0.715064 0.571429 0.714459 0.572712 0.712039 0.574850 0.709014 0.576133 0.676951 0.576133 0.676346 0.576561 0.666062 0.576133 0.665457 0.576561 0.666667 0.578272 0.712039 0.577844 0.717483 0.578700 0.742287 0.578272 0.751966 0.579555 0.764670 0.579555 0.771325 0.582121 0.774350 0.582121 0.781004 0.579127 0.789474 0.579127 0.793708 0.581694 0.796128 0.584688 0.798548 0.584688 0.799153 0.576989 0.797338 0.571856 0.797943 0.564585 0.796128 0.561163 0.793708 0.559025 0.792498 0.555175 0.792498 0.552609 0.794313 0.548760 0.794313 0.545338 0.792498 0.542344 0.792498 0.540633 0.795523 0.536784 0.796128 0.534217 0.796128 0.517964 0.797338 0.514115 0.797338 0.506843
0 0.907441 0.500855 0.903206 0.500855 0.897157 0.502566 0.887477 0.501711 0.883243 0.502566 0.844525 0.502566 0.831821 0.503849 0.822747 0.502566 0.806413 0.502139 0.801573 0.503849 0.799153 0.505988 0.799758 0.520958 0.798548 0.526946 0.797943 0.543199 0.796128 0.545766 0.793103 0.546621 0.787054 0.547049 0.785844 0.547904 0.785844 0.550043 0.788869 0.557742 0.787659 0.569718 0.788264 0.576133 0.790079 0.577844 0.792498 0.577844 0.794918 0.578700 0.796733 0.580411 0.796733 0.583832 0.794918 0.586399 0.796128 0.587682 0.813672 0.590676 0.821537 0.595381 0.830006 0.596664 0.833636 0.598802 0.837871 0.604790 0.837266 0.609495 0.837871 0.615056 0.840290 0.617194 0.843920 0.618905 0.849365 0.619760 0.857229 0.619760 0.862674 0.618477 0.867514 0.618477 0.881428 0.620616 0.898972 0.620188 0.904416 0.621044 0.908651 0.618050 0.909861 0.609923 0.912281 0.601796 0.913491 0.574850 0.914701 0.572284 0.914096 0.568007 0.909861 0.564585 0.913491 0.562447 0.915305 0.559453 0.915305 0.552181 0.912281 0.547049 0.914701 0.543199 0.912886 0.525663 0.912886 0.505988 0.912281 0.502994
0 0.790684 0.617194 0.789474 0.618477 0.787659 0.630026 0.783424 0.636869 0.776165 0.642002 0.765880 0.645423 0.756806 0.646279 0.753176 0.651411 0.750756 0.660821 0.751361 0.677074 0.749546 0.683490 0.749546 0.707015 0.751361 0.714713 0.750756 0.723268 0.751966 0.726262 0.765275 0.733105 0.772535 0.733105 0.778584 0.731822 0.790684 0.732250 0.798548 0.729256 0.813067 0.727117 0.823352 0.726689 0.831821 0.729256 0.838476 0.729684 0.847550 0.733961 0.855414 0.733533 0.862674 0.735244 0.873563 0.734388 0.878403 0.735672 0.889897 0.735672 0.894132 0.736527 0.906836 0.736527 0.910466 0.735244 0.912281 0.733533 0.912886 0.730539 0.912281 0.656116 0.910466 0.636014 0.908651 0.630453 0.908046 0.621471 0.906231 0.617194 0.903206 0.615911 0.889897 0.618477 0.882033 0.618905 0.854204 0.618477 0.840290 0.616767 0.813672 0.617194 0.803388 0.615056 0.796733 0.615056
0 0.718693 0.627032 0.715064 0.626176 0.707804 0.622327 0.696310 0.623182 0.655172 0.624038 0.647308 0.625749 0.644888 0.627459 0.643073 0.632592 0.638233 0.639435 0.630369 0.645851 0.616455 0.649273 0.599516 0.651411 0.597096 0.650128 0.595886 0.647990 0.595886 0.629598 0.594676 0.627032 0.590442 0.623610 0.581972 0.622755 0.580157 0.624038 0.578342 0.627032 0.578947 0.637725 0.577737 0.642857 0.577737 0.728828 0.581972 0.730111 0.594071 0.730111 0.600726 0.729256 0.614640 0.730111 0.622505 0.732250 0.649728 0.731822 0.665457 0.729684 0.675741 0.729684 0.681791 0.730967 0.707199 0.730539 0.719903 0.728400 0.715668 0.725834 0.715064 0.724551 0.714459 0.714286 0.713249 0.710009 0.713249 0.703165 0.714459 0.699316 0.713249 0.687340 0.713249 0.679641 0.714459 0.676219 0.713249 0.656544 0.714459 0.652695 0.713249 0.636014 0.715064 0.632164 0.719298 0.630453 0.720508 0.629170
0 0.264973 0.505988 0.261343 0.524380 0.264368 0.529512 0.264368 0.541488 0.260738 0.545766 0.260738 0.548332 0.264973 0.552181 0.264368 0.562874 0.260738 0.565441 0.260738 0.570573 0.266788 0.572284 0.268603 0.576133 0.268603 0.587682 0.263158 0.591959 0.261948 0.596236 0.263158 0.617194 0.269812 0.628743 0.271627 0.647990 0.269208 0.652695 0.271022 0.687767 0.266183 0.693755 0.266183 0.714713 0.263763 0.724123 0.269208 0.734388 0.267998 0.743798 0.269812 0.747648 0.283122 0.751069 0.309135 0.750214 0.318209 0.752352 0.324259 0.749786 0.332728 0.750642 0.335148 0.752780 0.335753 0.758340 0.346642 0.761762 0.351482 0.765612 0.357532 0.763473 0.369631 0.765184 0.379915 0.773311 0.384755 0.781009 0.387780 0.779726 0.388385 0.775449 0.392619 0.773738 0.395644 0.781009 0.407743 0.781437 0.409558 0.781009 0.408348 0.770744 0.425287 0.770316 0.434362 0.773738 0.451301 0.773311 0.455535 0.768178 0.454930 0.756630 0.457350 0.751497 0.468240 0.748075 0.474894 0.742515 0.480944 0.744226 0.478524 0.752352 0.481549 0.756630 0.483969 0.757057 0.490623 0.753208 0.500907 0.763473 0.516636 0.760479 0.520266 0.757913 0.520871 0.751497 0.524501 0.747648 0.537810 0.748503 0.546279 0.747220 0.547489 0.741232 0.545675 0.733105 0.551724 0.724979 0.548699 0.639008 0.549909 0.621471 0.546279 0.614628 0.531155 0.610351 0.520871 0.605218 0.516636 0.600941 0.514217 0.589820 0.508167 0.580411 0.507562 0.546193 0.503932 0.549187 0.492438 0.551754 0.485178 0.551326 0.480339 0.548332 0.481549 0.528229 0.479129 0.523952 0.479734 0.506843 0.476709 0.505133 0.457350 0.505133 0.451301 0.506843 0.428312 0.507271 0.415003 0.509838 0.400484 0.505133 0.390805 0.504705 0.368421 0.509410 0.358742 0.503849 0.352087 0.505560 0.343618 0.504277 0.335148 0.505560 0.324864 0.502566 0.301875 0.503849 0.294616 0.502139 0.286146 0.503849 0.274047 0.503422
0 0.306110 0.194611 0.302480 0.225406 0.303690 0.277160 0.301875 0.299829 0.303690 0.310950 0.302480 0.314371 0.300060 0.315654 0.296431 0.315227 0.293406 0.311805 0.294011 0.319932 0.291591 0.334902 0.294011 0.337468 0.325469 0.337896 0.335148 0.336612 0.349667 0.338323 0.402299 0.338323 0.411978 0.336612 0.436177 0.337896 0.454930 0.337040 0.468845 0.337896 0.476104 0.335757 0.506352 0.338323 0.517241 0.338323 0.523291 0.337040 0.551724 0.338323 0.557169 0.336612 0.557774 0.334474 0.554749 0.328486 0.545675 0.322926 0.545675 0.318648 0.539625 0.313088 0.544465 0.306245 0.545675 0.283148 0.551724 0.276732 0.553539 0.269889 0.552329 0.248931 0.549909 0.247220 0.533575 0.247220 0.523896 0.250214 0.516636 0.250214 0.508167 0.248075 0.506957 0.242087 0.508167 0.201454 0.506352 0.196749 0.500302 0.192044 0.475499 0.197605 0.469449 0.195038 0.467635 0.187767 0.464005 0.186912 0.463400 0.195894 0.457350 0.201882 0.461585 0.214713 0.460375 0.223695 0.455535 0.230111 0.459770 0.235672 0.459770 0.241232 0.457350 0.246792 0.441621 0.242087 0.441016 0.232250 0.444646 0.228400 0.446461 0.222412 0.444646 0.209581 0.426497 0.191189 0.410768 0.190761 0.399274 0.187767 0.383545 0.186484 0.376891 0.190334 0.366001 0.189906 0.359952 0.191617 0.316394 0.192044
0 0.572898 0.227117 0.571688 0.230539 0.572293 0.254491 0.571083 0.258768 0.568058 0.261334 0.562613 0.262618 0.558984 0.265184 0.559589 0.278871 0.554749 0.284003 0.553539 0.286997 0.553539 0.289991 0.561404 0.296407 0.564428 0.297690 0.567453 0.300257 0.569268 0.306245 0.575923 0.314371 0.580762 0.316082 0.591047 0.316082 0.600121 0.316938 0.605566 0.318221 0.606171 0.319932 0.602541 0.322926 0.601936 0.324636 0.603751 0.326775 0.606171 0.328058 0.608590 0.325920 0.608590 0.322498 0.606171 0.319076 0.612220 0.316082 0.617665 0.312233 0.623714 0.309666 0.632184 0.310522 0.643073 0.310522 0.647913 0.312233 0.656987 0.312233 0.659407 0.313088 0.666062 0.313516 0.669691 0.311805 0.668482 0.307100 0.671506 0.305817 0.674531 0.305817 0.677556 0.307528 0.676951 0.311805 0.678766 0.313088 0.699335 0.314371 0.701754 0.313516 0.709014 0.308383 0.711434 0.303251 0.711434 0.301112 0.707804 0.294696 0.690865 0.281865 0.675136 0.278015 0.663037 0.278443 0.658197 0.277160 0.657592 0.272883 0.663642 0.266895 0.663642 0.263045 0.661222 0.260051 0.656987 0.258768 0.648518 0.258768 0.641863 0.260479 0.628554 0.260479 0.624924 0.259624 0.616455 0.260479 0.612825 0.259624 0.611615 0.258340 0.611615 0.253636 0.609195 0.246364 0.603751 0.242087 0.601331 0.238666 0.592861 0.230539 0.590442 0.229256 0.582577 0.227117 0.577737 0.226689
0 0.500302 0.185648 0.413408 0.180982 0.434307 0.096994 0.501402 0.095439
0 0.891877 0.298410 0.674091 0.303076 0.666392 0.253305 0.626794 0.254083 0.623495 0.187981 0.702689 0.188759 0.719188 0.209756 0.884178 0.206645