0 0.131737 0.182698 0.131737 0.244404 0.132592 0.258318 0.132592 0.283727 0.134303 0.294616 0.133020 0.326074 0.134731 0.329704 0.137725 0.331518 0.164243 0.331518 0.168520 0.330309 0.177074 0.331518 0.201454 0.330914 0.212147 0.332123 0.215141 0.330914 0.230539 0.330914 0.232678 0.329704 0.248931 0.330309 0.253208 0.332728 0.254491 0.331518 0.255346 0.327889 0.255774 0.194797 0.254491 0.189958 0.254063 0.182093 0.156544 0.182093 0.133875 0.180883
0 0.357143 0.181488 0.354149 0.179068 0.350299 0.179068 0.348589 0.179673 0.345167 0.182698 0.338323 0.182698 0.337896 0.183303 0.331480 0.182093 0.329341 0.183303 0.321642 0.183303 0.321215 0.183908 0.308383 0.183908 0.307956 0.183303 0.307100 0.183908 0.293841 0.183908 0.293413 0.183303 0.289564 0.183303 0.289136 0.183908 0.265184 0.183303 0.263045 0.183908 0.262618 0.184513 0.262618 0.189958 0.262190 0.190563 0.262618 0.234120 0.263045 0.234725 0.262618 0.252269 0.262190 0.252874 0.263473 0.258923 0.263473 0.270417 0.263901 0.271022 0.263473 0.272232 0.263473 0.277677 0.263901 0.278887 0.265612 0.280702 0.281009 0.280702 0.281437 0.281307 0.284003 0.281307 0.284431 0.280702 0.296835 0.280702 0.297263 0.281307 0.313944 0.280702 0.314371 0.281307 0.316938 0.281307 0.317365 0.280702 0.325492 0.280097 0.325920 0.279492 0.329341 0.279492 0.331052 0.280702 0.333191 0.280702 0.334902 0.279492 0.338751 0.272232 0.336185 0.267998 0.335757 0.261948 0.335329 0.261343 0.335329 0.258318 0.335757 0.257713 0.335329 0.248034 0.336612 0.243194 0.336185 0.235935 0.335329 0.232305 0.335329 0.229885 0.336185 0.226860 0.337896 0.224440 0.339179 0.223835 0.343028 0.223835 0.351155 0.228070 0.356715 0.228070 0.357998 0.226255 0.357998 0.223230 0.355860 0.218996 0.355004 0.212341 0.356287 0.208711 0.356287 0.204477 0.355432 0.200847 0.355432 0.190563 0.357571 0.185118
0 0.353721 0.178463 0.353293 0.184513 0.355004 0.189958 0.354149 0.202662 0.356715 0.206292 0.353721 0.208711 0.349872 0.214156 0.348589 0.220206 0.349872 0.222021 0.350727 0.217786 0.352010 0.215971 0.352866 0.215971 0.354149 0.217786 0.355432 0.224440 0.354577 0.225650 0.350727 0.225650 0.349444 0.224440 0.344311 0.229885 0.340462 0.229280 0.337896 0.231700 0.336185 0.234725 0.335757 0.240169 0.336185 0.240774 0.335757 0.257713 0.336185 0.258318 0.336185 0.276467 0.336612 0.278282 0.338751 0.280097 0.342173 0.281307 0.351155 0.281912 0.351583 0.282517 0.379384 0.282517 0.379812 0.283122 0.388794 0.283122 0.392643 0.284332 0.405047 0.284332 0.405475 0.283727 0.415312 0.283122 0.417451 0.281912 0.419589 0.278887 0.422583 0.272232 0.422583 0.270417 0.421300 0.267393 0.420873 0.264368 0.420445 0.245614 0.421300 0.242589 0.421728 0.235330 0.423011 0.231700 0.423011 0.223835 0.423867 0.220811 0.423439 0.204477 0.423011 0.203872 0.423867 0.182698 0.423011 0.177858 0.419162 0.177253 0.417023 0.173019 0.414457 0.172414 0.413174 0.173624 0.413174 0.175439 0.412318 0.177858 0.410607 0.179068 0.407186 0.179068 0.403336 0.181488 0.401198 0.180883 0.396065 0.180883 0.395637 0.181488 0.372968 0.180883 0.370830 0.179673 0.368691 0.177253 0.368263 0.174229 0.366125 0.172414 0.362703 0.175439 0.360565 0.176044 0.357143 0.180278 0.355432 0.180278
0 0.513687 0.289171 0.512831 0.298246 0.512831 0.374471 0.512404 0.375076 0.512831 0.392619 0.512404 0.393224 0.513687 0.400484 0.513687 0.411373 0.514542 0.413188 0.515398 0.413793 0.525235 0.413188 0.530796 0.416213 0.538922 0.417423 0.541916 0.416213 0.561163 0.416213 0.563730 0.415003 0.580411 0.415003 0.580838 0.414398 0.582121 0.415003 0.596664 0.415003 0.597091 0.414398 0.611634 0.415003 0.614200 0.413793 0.616767 0.413793 0.618477 0.412583 0.619760 0.406534 0.619333 0.403509 0.619760 0.399879 0.619760 0.369631 0.619333 0.369026 0.619760 0.364186 0.619760 0.353297 0.619333 0.352692 0.619760 0.300665 0.619333 0.294011 0.617194 0.289776 0.612917 0.287356 0.607784 0.286751 0.603507 0.287356 0.597947 0.286751 0.595808 0.287356 0.590248 0.286751 0.587682 0.287356 0.575278 0.287356 0.574850 0.286751 0.521814 0.287356 0.517536 0.286751 0.515398 0.287356
0 0.555175 0.424682 0.553464 0.428312 0.553464 0.430732 0.556886 0.434362 0.557742 0.436177 0.557742 0.442831 0.558597 0.444041 0.559453 0.444041 0.561591 0.447671 0.561591 0.451301 0.562019 0.451906 0.561591 0.454325 0.559453 0.456745 0.556031 0.451906 0.553464 0.456140 0.549615 0.459165 0.547476 0.464610 0.546193 0.465820 0.540205 0.467635 0.538922 0.470659 0.539350 0.473684 0.539350 0.481549 0.538922 0.482154 0.539350 0.483969 0.539350 0.490623 0.538922 0.491228 0.538922 0.534785 0.540633 0.540835 0.540633 0.546279 0.541916 0.548094 0.544482 0.549304 0.565868 0.549304 0.566296 0.549909 0.569290 0.549909 0.569718 0.549304 0.575278 0.549304 0.575706 0.549909 0.579127 0.549909 0.579555 0.549304 0.582121 0.549304 0.582549 0.549909 0.585543 0.549909 0.585971 0.549304 0.591531 0.549304 0.591959 0.549909 0.606929 0.549304 0.607357 0.549909 0.611206 0.549909 0.617194 0.548094 0.618477 0.545675 0.618905 0.539020 0.619760 0.535995 0.619760 0.531760 0.619333 0.531155 0.619760 0.528131 0.619333 0.502722 0.618905 0.502117 0.619760 0.474894 0.618477 0.465215 0.618905 0.464610 0.618905 0.427102 0.618477 0.424682 0.616339 0.422868 0.613772 0.422868 0.610351 0.421658 0.603935 0.421658 0.603507 0.422263 0.598375 0.422263 0.597947 0.421658 0.594525 0.421658 0.594098 0.422263 0.592387 0.421658 0.586826 0.421658 0.586399 0.422263 0.583832 0.422263 0.583405 0.421658 0.563730 0.421658 0.560308 0.424077 0.556031 0.424077
0 0.486741 0.563823 0.486741 0.632789 0.487596 0.641863 0.488879 0.644283 0.490590 0.644888 0.493584 0.643073 0.502566 0.642468 0.505560 0.640048 0.509410 0.641258 0.513687 0.644283 0.525235 0.642468 0.529085 0.638233 0.531651 0.638838 0.535073 0.642468 0.538067 0.640653 0.540205 0.640653 0.541061 0.642468 0.540633 0.646703 0.536784 0.650938 0.536356 0.687235 0.535500 0.695100 0.535928 0.701149 0.537639 0.704779 0.540205 0.705989 0.615483 0.705989 0.618477 0.704779 0.619760 0.701149 0.619760 0.649728 0.618905 0.639443 0.619333 0.585602 0.618905 0.563218 0.617194 0.555354 0.615911 0.553539 0.604363 0.553539 0.601796 0.554749 0.547904 0.554144 0.542344 0.552934 0.532506 0.555959 0.513259 0.555959 0.510693 0.557774 0.502139 0.558379 0.494440 0.561404 0.489307 0.560799
0 0.533362 0.642468 0.531651 0.640653 0.530368 0.640653 0.529085 0.641863 0.528229 0.641863 0.527802 0.642468 0.526946 0.642468 0.526518 0.643073 0.525235 0.643073 0.524808 0.643678 0.517536 0.643678 0.517109 0.644283 0.510265 0.644283 0.509838 0.643678 0.507271 0.643678 0.506843 0.643073 0.503422 0.643073 0.502994 0.643678 0.494012 0.643678 0.493584 0.643073 0.491018 0.643073 0.490590 0.642468 0.488879 0.642468 0.488452 0.643073 0.487596 0.643073 0.486313 0.644888 0.486313 0.703569 0.486741 0.704174 0.486741 0.704779 0.487169 0.705384 0.488024 0.705384 0.488452 0.705989 0.494440 0.705989 0.494867 0.705384 0.508127 0.705384 0.508554 0.705989 0.511976 0.705989 0.512404 0.705384 0.521386 0.705384 0.521814 0.705989 0.531223 0.705989 0.531651 0.705384 0.532934 0.704779 0.534217 0.702964 0.534217 0.666062 0.534645 0.665457 0.534645 0.655172 0.535073 0.654567 0.535073 0.646098 0.534217 0.644888 0.534217 0.644283 0.533362 0.643073
0 0.536784 0.727163 0.536356 0.730793 0.536784 0.731398 0.537211 0.741077 0.537639 0.741682 0.537639 0.747126 0.536356 0.752571 0.536356 0.770720 0.536784 0.771325 0.537211 0.791289 0.536784 0.791894 0.536784 0.796733 0.536356 0.797338 0.535500 0.805808 0.538067 0.811252 0.538067 0.826376 0.537639 0.826981 0.537639 0.829401 0.538922 0.834241 0.541916 0.835451 0.544482 0.835451 0.544910 0.834846 0.550043 0.834846 0.550470 0.835451 0.565013 0.834846 0.565441 0.835451 0.583832 0.835451 0.585115 0.836056 0.588109 0.834846 0.599230 0.834846 0.599658 0.835451 0.617194 0.835451 0.617622 0.836056 0.620188 0.834846 0.621471 0.833031 0.622327 0.828796 0.621899 0.826376 0.622327 0.794313 0.621899 0.793708 0.621899 0.780399 0.621471 0.779794 0.621471 0.738657 0.621899 0.738052 0.621899 0.731398 0.621471 0.730793 0.621471 0.728373 0.619760 0.725953 0.618477 0.725348 0.609923 0.725348 0.609495 0.724743 0.596664 0.725348 0.596236 0.724743 0.551754 0.724743 0.551326 0.724138 0.539778 0.724138 0.538494 0.724743
0 0.437553 0.558379 0.435415 0.560799 0.434987 0.566848 0.434559 0.567453 0.434987 0.626134 0.435415 0.626739 0.435415 0.637628 0.434987 0.638233 0.435415 0.650333 0.434987 0.650938 0.434987 0.664852 0.434559 0.665457 0.434559 0.705989 0.435415 0.710829 0.437126 0.712039 0.441831 0.712039 0.442258 0.711434 0.471343 0.711434 0.471771 0.710829 0.478186 0.711434 0.479897 0.710224 0.481608 0.706594 0.481608 0.702359 0.481181 0.701754 0.481181 0.689050 0.481608 0.688445 0.481181 0.686630 0.481181 0.680581 0.482891 0.674531 0.482891 0.664852 0.481608 0.659407 0.484174 0.655777 0.484602 0.650938 0.485030 0.650333 0.484602 0.633999 0.483319 0.631579 0.481181 0.629764 0.481608 0.627344 0.483319 0.626134 0.485030 0.623110 0.485030 0.620690 0.484602 0.620085 0.484602 0.615850 0.485030 0.615245 0.485030 0.609195 0.484602 0.608590 0.484602 0.586812 0.484174 0.586207 0.484174 0.575923 0.485030 0.572293 0.485030 0.568663 0.484174 0.566243 0.481181 0.562613 0.480325 0.559589 0.478614 0.557774 0.454234 0.557774 0.453807 0.558379 0.451668 0.558379 0.451240 0.557774 0.444825 0.557774 0.444397 0.558379 0.443541 0.557774 0.439264 0.557774
0 0.206587 0.565033 0.206159 0.573503 0.207015 0.577133 0.205304 0.588022 0.204876 0.607985 0.205731 0.655172 0.209153 0.663642 0.212147 0.663037 0.213430 0.658197 0.215997 0.655777 0.222412 0.655172 0.230111 0.656987 0.233533 0.665457 0.234816 0.677556 0.239521 0.693285 0.238238 0.703569 0.240376 0.707199 0.256630 0.709014 0.404192 0.710224 0.412318 0.712644 0.414885 0.716878 0.414457 0.724138 0.416595 0.727163 0.418734 0.727768 0.426005 0.722928 0.427716 0.702359 0.427288 0.656987 0.428571 0.652753 0.427288 0.646703 0.428999 0.640653 0.427716 0.635814 0.428571 0.615850 0.427288 0.574713 0.428144 0.570478 0.426005 0.565638 0.357998 0.563823 0.355004 0.565033 0.315227 0.565033 0.310522 0.569268 0.310094 0.581367 0.307956 0.584392 0.259624 0.585602 0.248075 0.583787 0.246792 0.581367 0.247220 0.570478 0.245081 0.566848 0.234816 0.566848 0.216852 0.563218 0.207870 0.563218
0 0.506416 0.286751 0.479042 0.287356 0.472626 0.284936 0.452951 0.287961 0.388794 0.287356 0.383661 0.289776 0.381523 0.303085 0.380240 0.301270 0.380667 0.290986 0.377246 0.287961 0.348589 0.289776 0.340890 0.287356 0.334474 0.291591 0.325920 0.289171 0.282293 0.289171 0.263045 0.291591 0.261762 0.294616 0.261334 0.319419 0.263901 0.332123 0.263901 0.350877 0.261762 0.356927 0.263045 0.369631 0.262190 0.387780 0.263901 0.396249 0.266039 0.397459 0.270744 0.393829 0.274594 0.396249 0.278015 0.395039 0.283148 0.401089 0.282720 0.407139 0.295552 0.408953 0.299401 0.406534 0.309239 0.405324 0.304534 0.402904 0.304962 0.400484 0.313944 0.398064 0.320359 0.392619 0.323353 0.395644 0.326775 0.392619 0.329769 0.395039 0.329341 0.418633 0.330624 0.423472 0.328058 0.425892 0.324209 0.424682 0.323353 0.422263 0.325064 0.416818 0.319504 0.413188 0.316938 0.428917 0.316938 0.447066 0.321642 0.453721 0.320787 0.462795 0.316510 0.476104 0.316082 0.535390 0.318648 0.544465 0.324636 0.548094 0.340034 0.548699 0.508554 0.548094 0.519247 0.545675 0.512831 0.536600 0.512831 0.531155 0.514970 0.528131 0.519247 0.529946 0.524380 0.537205 0.531651 0.537810 0.535073 0.526316 0.535073 0.461585 0.536784 0.457955 0.544055 0.454325 0.543199 0.431337 0.539778 0.422868 0.532934 0.424077 0.527374 0.430127 0.517964 0.425892 0.509838 0.431942 0.507699 0.427707 0.506843 0.418028 0.510265 0.406534 0.510265 0.294011