0 0.242140 0.112062 0.241536 0.125749 0.242443 0.143713 0.240326 0.149273 0.241233 0.154833 0.241233 0.185629 0.240326 0.191189 0.243047 0.200599 0.242745 0.254919 0.243954 0.259624 0.245466 0.260479 0.293531 0.258340 0.295647 0.254491 0.298972 0.255346 0.302902 0.252780 0.307134 0.260479 0.311669 0.258340 0.336155 0.260051 0.337969 0.255346 0.336759 0.230967 0.338573 0.227973 0.356711 0.227973 0.366082 0.222840 0.368501 0.226262 0.374849 0.228400 0.383011 0.223695 0.383313 0.218563 0.382104 0.216424 0.378174 0.219846 0.373337 0.219418 0.368198 0.221129 0.367291 0.219418 0.369408 0.213858 0.369105 0.207870 0.370314 0.205304 0.374849 0.205304 0.377570 0.200171 0.380290 0.198460 0.381802 0.190334 0.385127 0.187767 0.392684 0.176647 0.393289 0.165098 0.395103 0.161249 0.397219 0.160394 0.401451 0.160821 0.400544 0.167237 0.396614 0.171086 0.393894 0.183490 0.394196 0.187767 0.395405 0.189050 0.419589 0.188623 0.422914 0.190334 0.428053 0.189050 0.432285 0.190761 0.435006 0.186056 0.434401 0.147134 0.435611 0.128743 0.434401 0.112917 0.433495 0.110351 0.431378 0.109068 0.384825 0.109923 0.379686 0.108640 0.310157 0.108212 0.290206 0.109495 0.245163 0.107784
0 0.433192 0.241660 0.431983 0.239521 0.431076 0.239093 0.427146 0.240804 0.417473 0.240804 0.413543 0.239949 0.411427 0.237810 0.410822 0.235672 0.410520 0.229256 0.409613 0.227545 0.408404 0.226689 0.395707 0.228400 0.390568 0.227973 0.388150 0.229256 0.385732 0.231822 0.379686 0.232250 0.377267 0.233533 0.373337 0.233533 0.369105 0.230967 0.361245 0.230111 0.357316 0.233105 0.354897 0.233105 0.353083 0.231394 0.349154 0.230967 0.341596 0.233961 0.340689 0.236955 0.341898 0.243798 0.341898 0.251069 0.339480 0.265184 0.340387 0.279726 0.340387 0.288708 0.339480 0.300257 0.339480 0.319932 0.340085 0.321215 0.342201 0.322498 0.363059 0.321642 0.366687 0.322498 0.412031 0.322498 0.414450 0.321642 0.429262 0.322070 0.432588 0.320787 0.433797 0.317793 0.432588 0.300257 0.435308 0.289991 0.434099 0.279726 0.434401 0.269889 0.433495 0.264328 0.434099 0.246792
0 0.244559 0.264756 0.243349 0.272027 0.243349 0.300257 0.244559 0.309239 0.241536 0.321215 0.243047 0.374679 0.242443 0.405475 0.244256 0.419589 0.245768 0.423011 0.248791 0.424722 0.256953 0.425577 0.269952 0.423439 0.273881 0.427288 0.283253 0.425150 0.301995 0.426433 0.309855 0.422583 0.322854 0.425150 0.362455 0.425150 0.369408 0.423867 0.372733 0.425577 0.386638 0.424722 0.389661 0.426005 0.402963 0.426433 0.409008 0.422156 0.424728 0.423867 0.431681 0.423011 0.433192 0.421300 0.434099 0.417451 0.434099 0.329341 0.431983 0.323353 0.425030 0.325920 0.357618 0.325064 0.349456 0.323781 0.345828 0.326775 0.340085 0.327203 0.337364 0.323353 0.337969 0.295124 0.336155 0.286570 0.336155 0.266467 0.334643 0.263901 0.273277 0.262190 0.256046 0.263901 0.246070 0.263473
0 0.130592 0.210864 0.125151 0.218135 0.126058 0.230967 0.127267 0.235244 0.126058 0.242087 0.126965 0.246792 0.126058 0.268178 0.127570 0.281437 0.126663 0.294269 0.124849 0.299829 0.126663 0.306245 0.126663 0.331052 0.125453 0.337040 0.126965 0.342173 0.126965 0.349016 0.125151 0.355860 0.126058 0.371685 0.124849 0.375535 0.124547 0.402908 0.126058 0.413601 0.129081 0.412746 0.132406 0.417023 0.138755 0.418306 0.152660 0.416595 0.159613 0.413601 0.162334 0.416595 0.163845 0.413601 0.166264 0.412318 0.175030 0.414029 0.179262 0.416168 0.182890 0.412318 0.191354 0.413174 0.194982 0.415740 0.199516 0.414029 0.203748 0.417023 0.220073 0.418306 0.221282 0.417023 0.224305 0.406330 0.223700 0.400770 0.225514 0.396065 0.232769 0.396493 0.234583 0.394354 0.235490 0.383661 0.235490 0.364414 0.234583 0.352438 0.237606 0.300684 0.237001 0.269461 0.235792 0.265184 0.236094 0.255346 0.237606 0.248931 0.237908 0.218563 0.237304 0.215997 0.233978 0.212575 0.220677 0.209581 0.218259 0.210436 0.199516 0.210436 0.195889 0.209153 0.166264 0.209581 0.160520 0.208298 0.153869 0.210009
0 0.441354 0.149273 0.440447 0.150556 0.439541 0.153978 0.439843 0.162104 0.440750 0.165526 0.440145 0.172797 0.442261 0.178358 0.441354 0.183490 0.441959 0.184773 0.444680 0.186484 0.446191 0.188623 0.446796 0.190334 0.447400 0.196749 0.448307 0.200171 0.448307 0.208298 0.449214 0.212575 0.448307 0.214286 0.446796 0.214286 0.443470 0.212147 0.440447 0.215569 0.440447 0.226262 0.440750 0.227117 0.442866 0.229256 0.444377 0.229683 0.445586 0.230967 0.447703 0.231822 0.453144 0.231822 0.454958 0.230967 0.457074 0.230967 0.463724 0.234816 0.478537 0.235244 0.481862 0.233533 0.485187 0.233533 0.485490 0.233105 0.487606 0.233105 0.490024 0.232250 0.490931 0.230539 0.491838 0.227117 0.491838 0.220274 0.491536 0.219846 0.491838 0.212147 0.494559 0.202310 0.494559 0.176219 0.493652 0.173653 0.490629 0.171086 0.490629 0.159538 0.489117 0.151411 0.487303 0.149273 0.481862 0.148417 0.481560 0.147990 0.476118 0.147990 0.475816 0.147562 0.466143 0.147562 0.465840 0.147134 0.449214 0.147562 0.448912 0.147134 0.447400 0.147134 0.447098 0.147562 0.443470 0.147990
0 0.440145 0.239093 0.439238 0.242087 0.438936 0.252352 0.438634 0.252780 0.438936 0.257913 0.439238 0.258340 0.439238 0.262618 0.438936 0.263045 0.438936 0.265184 0.438634 0.265612 0.438634 0.287853 0.438331 0.288281 0.438331 0.289564 0.438634 0.289991 0.438634 0.294269 0.438936 0.295552 0.440145 0.297690 0.442563 0.298973 0.444982 0.298973 0.445284 0.299401 0.451330 0.299401 0.451632 0.299829 0.454655 0.299829 0.454958 0.299401 0.461306 0.299401 0.462515 0.300257 0.464934 0.300684 0.465236 0.301112 0.469468 0.301540 0.469770 0.301112 0.470677 0.301112 0.473398 0.299829 0.473700 0.300257 0.476118 0.300257 0.476421 0.300684 0.479444 0.300684 0.479746 0.301112 0.480653 0.301112 0.484583 0.298118 0.489117 0.298118 0.490024 0.297263 0.490326 0.296407 0.490326 0.292558 0.489722 0.289991 0.489722 0.287853 0.490024 0.287425 0.490326 0.284859 0.491838 0.282293 0.491838 0.275877 0.491233 0.273311 0.491233 0.258768 0.492745 0.254491 0.492443 0.254491 0.490024 0.250642 0.489722 0.247648 0.489420 0.247220 0.489722 0.246792 0.489722 0.241232 0.488815 0.239093 0.485792 0.238666 0.485490 0.238238 0.484281 0.238238 0.483978 0.237810 0.481560 0.237382 0.481258 0.236955 0.479746 0.236955 0.479444 0.236527 0.467654 0.236527 0.467352 0.236099 0.463724 0.236099 0.460701 0.237810 0.459794 0.237810 0.458585 0.236955 0.456167 0.236527 0.455865 0.236099 0.455562 0.236527 0.446191 0.236099 0.445889 0.236527 0.443773 0.236527 0.443470 0.236955 0.441657 0.237382
0 0.439843 0.301112 0.438936 0.304106 0.438936 0.310950 0.438634 0.311377 0.438634 0.313088 0.438936 0.313516 0.438936 0.328486 0.439238 0.328914 0.439238 0.367836 0.438936 0.368263 0.438936 0.373396 0.439238 0.373824 0.439238 0.379812 0.439843 0.383234 0.440447 0.384089 0.442261 0.384944 0.450121 0.384944 0.450423 0.385372 0.452237 0.385372 0.454655 0.386228 0.455865 0.387083 0.461608 0.386655 0.461911 0.387083 0.467352 0.387511 0.471282 0.388794 0.473398 0.388794 0.477328 0.386655 0.480048 0.386228 0.480351 0.385800 0.486094 0.385800 0.486397 0.385372 0.489420 0.385372 0.490024 0.384944 0.490931 0.383234 0.490931 0.368691 0.491233 0.368263 0.491233 0.364842 0.491536 0.364414 0.491838 0.360992 0.493954 0.355860 0.494256 0.352866 0.493954 0.352438 0.493954 0.348161 0.493652 0.347733 0.493652 0.346022 0.493954 0.345595 0.493652 0.328058 0.493047 0.325064 0.490629 0.322070 0.490326 0.320787 0.490629 0.309666 0.490326 0.309239 0.490024 0.304534 0.489117 0.301967 0.484583 0.302395 0.483676 0.301540 0.482467 0.301540 0.482164 0.301112 0.474909 0.301540 0.474607 0.301112 0.471886 0.301112 0.471584 0.300684 0.469166 0.300684 0.468863 0.301112 0.466445 0.301112 0.466143 0.301540 0.460701 0.301540 0.460399 0.301112 0.457074 0.301112 0.456771 0.300684 0.449214 0.300684 0.448912 0.300257 0.444982 0.300684 0.444680 0.301112 0.441052 0.301112 0.440750 0.300684
0 0.341898 0.568435 0.341294 0.570145 0.341294 0.576133 0.340085 0.582549 0.339782 0.594953 0.340387 0.599658 0.339178 0.604363 0.338875 0.616767 0.340085 0.622755 0.343108 0.628743 0.342805 0.630881 0.341294 0.634303 0.341294 0.636869 0.341898 0.638152 0.342503 0.644996 0.343108 0.646707 0.344317 0.647562 0.347944 0.646707 0.355200 0.646707 0.355804 0.644996 0.354897 0.642857 0.354897 0.639435 0.356711 0.636441 0.358223 0.638152 0.358827 0.639863 0.358827 0.645423 0.359432 0.646279 0.363664 0.648417 0.370314 0.649273 0.372128 0.648417 0.380290 0.648417 0.383918 0.647562 0.387545 0.647562 0.389661 0.648417 0.396614 0.648417 0.401753 0.647134 0.407799 0.647990 0.415054 0.646707 0.424123 0.647562 0.429262 0.646279 0.431983 0.644140 0.432890 0.641146 0.432890 0.632592 0.433495 0.625749 0.432890 0.614628 0.433192 0.598375 0.434099 0.586826 0.432285 0.568435 0.431378 0.565868 0.423821 0.563302 0.419589 0.565013 0.415357 0.564157 0.396614 0.563730 0.383918 0.564585 0.376058 0.563302 0.371524 0.563302 0.360036 0.565441 0.346735 0.565441 0.344014 0.566296
0 0.242443 0.564157 0.241838 0.566296 0.242140 0.586826 0.241536 0.623182 0.242140 0.642002 0.241536 0.644568 0.241536 0.650556 0.242140 0.657399 0.243047 0.659966 0.244861 0.661249 0.249093 0.662532 0.254232 0.661677 0.266626 0.662532 0.305925 0.662532 0.311064 0.664243 0.318017 0.662532 0.332830 0.662960 0.335852 0.660393 0.336457 0.658255 0.336457 0.637725 0.335550 0.628315 0.337062 0.617622 0.337062 0.604790 0.336155 0.600513 0.336457 0.568862 0.336155 0.566724 0.334946 0.564585 0.333132 0.563730 0.322249 0.563730 0.318017 0.564585 0.312273 0.563302 0.300484 0.564585 0.289601 0.563302 0.257860 0.562019 0.254232 0.562447 0.250605 0.561591 0.245466 0.562019
0 0.493349 0.599658 0.490024 0.599658 0.486397 0.602224 0.456469 0.602652 0.442866 0.605646 0.438331 0.607784 0.437727 0.609923 0.438331 0.649273 0.437727 0.655261 0.436518 0.657827 0.437727 0.666382 0.436215 0.681779 0.439238 0.685201 0.438634 0.689906 0.434401 0.692900 0.432285 0.696749 0.426844 0.690334 0.423519 0.692044 0.415659 0.692044 0.406288 0.689050 0.403265 0.689478 0.402056 0.692472 0.402056 0.714713 0.404776 0.722412 0.403567 0.728400 0.403265 0.774594 0.404474 0.777160 0.407497 0.778871 0.428960 0.777160 0.430774 0.775449 0.429565 0.770744 0.430774 0.755774 0.431983 0.754491 0.434099 0.760051 0.432588 0.775021 0.438029 0.778015 0.440145 0.781009 0.441354 0.786570 0.439541 0.792130 0.440750 0.797690 0.440145 0.806245 0.442261 0.811805 0.441354 0.817365 0.442866 0.821642 0.441052 0.833191 0.448005 0.838323 0.483676 0.839179 0.489722 0.838323 0.492140 0.834902 0.491233 0.829341 0.492745 0.813944 0.491536 0.803678 0.492140 0.787425 0.490629 0.783148 0.490629 0.780154 0.496070 0.770744 0.495768 0.751069 0.494861 0.748075 0.492140 0.745937 0.490024 0.741660 0.490629 0.739093 0.495163 0.733961 0.495466 0.710864 0.492443 0.705304 0.491233 0.700171 0.495163 0.695038 0.496070 0.689050 0.494559 0.668520 0.491838 0.664243 0.492443 0.653550 0.494559 0.647562 0.495466 0.640719 0.494559 0.635586 0.492140 0.630026 0.492745 0.613345 0.496977 0.605646 0.495163 0.601369
0 0.361850 0.783576 0.360943 0.786570 0.360943 0.793841 0.363664 0.798546 0.363664 0.804962 0.360641 0.814799 0.361245 0.823353 0.360036 0.827203 0.357618 0.829769 0.353688 0.828914 0.350363 0.829769 0.345224 0.829341 0.343712 0.831480 0.342805 0.834902 0.341596 0.851583 0.342201 0.855860 0.342201 0.864842 0.343108 0.868691 0.342503 0.874679 0.343108 0.875962 0.347340 0.877673 0.364873 0.877673 0.372733 0.883234 0.377570 0.882378 0.386941 0.883234 0.389661 0.880239 0.391173 0.880239 0.393591 0.882378 0.396312 0.882378 0.397823 0.881523 0.428355 0.881523 0.430774 0.882806 0.433797 0.882378 0.435611 0.880667 0.435006 0.875962 0.435611 0.868691 0.435006 0.865697 0.435308 0.856715 0.434401 0.852866 0.434401 0.840462 0.435308 0.835757 0.434704 0.825492 0.435308 0.822926 0.435006 0.814371 0.435611 0.811805 0.435611 0.797263 0.435006 0.793413 0.436518 0.788708 0.436518 0.786570 0.435308 0.783576 0.431076 0.781009 0.428658 0.781865 0.397521 0.781865 0.395103 0.780582 0.388755 0.779726 0.384522 0.779726 0.379383 0.782293 0.373035 0.782720 0.368803 0.781437 0.363966 0.782293
0 0.244559 0.768178 0.242140 0.775449 0.241838 0.778443 0.242140 0.795979 0.241536 0.799829 0.242140 0.815227 0.241536 0.820359 0.241536 0.848589 0.242140 0.852438 0.241838 0.858426 0.242745 0.878956 0.243652 0.880667 0.246977 0.881095 0.251511 0.879812 0.278114 0.880667 0.281741 0.878956 0.283555 0.878956 0.288089 0.882806 0.290508 0.883661 0.294438 0.882806 0.304414 0.883661 0.307739 0.880239 0.310157 0.879384 0.320435 0.878956 0.322551 0.879812 0.329807 0.879812 0.335248 0.878529 0.337364 0.875962 0.336457 0.833618 0.336759 0.822498 0.336457 0.811377 0.335550 0.805817 0.336155 0.784431 0.335550 0.780154 0.334039 0.777160 0.331923 0.775877 0.330411 0.777588 0.324667 0.781009 0.324667 0.782720 0.326784 0.786570 0.327086 0.789564 0.326481 0.794696 0.325877 0.796407 0.324365 0.797690 0.322249 0.795124 0.320738 0.794696 0.318622 0.792558 0.313482 0.780154 0.311366 0.778015 0.306832 0.777160 0.304111 0.778443 0.299577 0.778443 0.295042 0.775449 0.289601 0.775449 0.286578 0.776732 0.275695 0.775021 0.271463 0.775877 0.265719 0.775021 0.257255 0.775021 0.252116 0.775877 0.249698 0.775021 0.246070 0.767322
0 0.244256 0.664671 0.243047 0.670659 0.242745 0.676219 0.243652 0.680068 0.243047 0.688195 0.243954 0.693328 0.243047 0.697605 0.243047 0.711292 0.244256 0.716424 0.243349 0.721557 0.243349 0.724551 0.244256 0.727973 0.243349 0.735244 0.244559 0.737810 0.246070 0.739093 0.248791 0.737810 0.251814 0.733961 0.254837 0.731822 0.257557 0.730967 0.287183 0.730967 0.289299 0.732678 0.293833 0.740376 0.297461 0.743370 0.301693 0.745509 0.302902 0.747648 0.303507 0.751497 0.309250 0.760907 0.310762 0.762190 0.312576 0.762190 0.314389 0.760479 0.314994 0.757485 0.312576 0.751069 0.305925 0.744654 0.305925 0.732678 0.306832 0.730111 0.308041 0.729256 0.313180 0.730111 0.316203 0.732250 0.318319 0.730111 0.318017 0.726689 0.314994 0.721129 0.314994 0.716424 0.317110 0.712575 0.317412 0.710009 0.314692 0.704876 0.316203 0.703593 0.320435 0.703593 0.321645 0.702737 0.323761 0.687340 0.323761 0.680924 0.324970 0.677074 0.327690 0.675364 0.331318 0.682635 0.331923 0.683062 0.332830 0.682207 0.334946 0.674936 0.334643 0.670231 0.333132 0.667665 0.331318 0.667237 0.327690 0.669803 0.324365 0.669803 0.321645 0.667665 0.314087 0.665526 0.307134 0.665526 0.302902 0.667665 0.299879 0.666382 0.295949 0.667237 0.265719 0.666382 0.263906 0.665526 0.250000 0.664671 0.245466 0.663387
0 0.236699 0.670231 0.232769 0.669376 0.228839 0.666382 0.210097 0.665098 0.198307 0.665954 0.192261 0.664671 0.188331 0.666382 0.175635 0.665526 0.171705 0.666809 0.160822 0.665526 0.155985 0.666382 0.132406 0.665526 0.127570 0.668520 0.127570 0.689906 0.128779 0.707442 0.126360 0.716424 0.128174 0.722412 0.127570 0.748503 0.126360 0.757913 0.128174 0.763473 0.128174 0.771600 0.127267 0.781009 0.127570 0.788708 0.126360 0.796835 0.127267 0.822070 0.126360 0.826775 0.126360 0.840462 0.125453 0.845167 0.125151 0.870830 0.144196 0.873824 0.149637 0.872541 0.159613 0.873396 0.188331 0.872541 0.225816 0.874251 0.232164 0.872541 0.237606 0.868263 0.239117 0.863986 0.238210 0.825920 0.238815 0.818221 0.238210 0.771600 0.239722 0.760051 0.239722 0.741232 0.237606 0.730111 0.238815 0.722840 0.237908 0.718135 0.238210 0.675364