0 0.571342 0.357235 0.570133 0.358523 0.570133 0.367540 0.569528 0.367969 0.569528 0.370545 0.568924 0.370975 0.568924 0.373122 0.569528 0.373551 0.569528 0.386003 0.570133 0.386432 0.570133 0.392872 0.569528 0.393302 0.569528 0.402748 0.568924 0.403177 0.568319 0.407900 0.568924 0.408330 0.568924 0.411765 0.569528 0.412623 0.568924 0.413053 0.568924 0.414770 0.568319 0.415200 0.567110 0.419923 0.565296 0.422070 0.565296 0.423787 0.568924 0.425075 0.570738 0.425075 0.571342 0.425505 0.573156 0.425505 0.573761 0.425934 0.575574 0.425934 0.578597 0.426793 0.590689 0.426793 0.591294 0.426363 0.594317 0.426363 0.594921 0.425934 0.602177 0.425934 0.602781 0.425505 0.603990 0.425934 0.609432 0.425934 0.610036 0.426363 0.637243 0.426793 0.637848 0.426363 0.640266 0.426363 0.644498 0.424646 0.646312 0.422070 0.646312 0.413482 0.645707 0.413053 0.645707 0.411335 0.646312 0.410906 0.646917 0.388149 0.647521 0.387720 0.647521 0.386861 0.649335 0.383856 0.649335 0.382138 0.649940 0.381709 0.649940 0.367969 0.650544 0.367540 0.650544 0.364105 0.648126 0.362387 0.643289 0.360670 0.642080 0.360670 0.641475 0.360240 0.637848 0.360240 0.637243 0.359811 0.636034 0.359811 0.635429 0.360240 0.625756 0.360240 0.625151 0.359811 0.621524 0.359811 0.620919 0.359382 0.616687 0.359382 0.613059 0.358094 0.610641 0.358094 0.610036 0.358523 0.600967 0.358523 0.600363 0.358952 0.582225 0.358952 0.581620 0.358523 0.577388 0.358523 0.576784 0.358094 0.574970 0.358094 0.572551 0.356806
0 0.743652 0.351653 0.743047 0.351653 0.742443 0.353800 0.740024 0.355947 0.735187 0.357235 0.732164 0.357235 0.731560 0.357664 0.728537 0.357664 0.727932 0.358094 0.717654 0.358094 0.717050 0.358523 0.712213 0.358523 0.711608 0.358952 0.692261 0.358952 0.691657 0.359382 0.686820 0.359811 0.678960 0.363246 0.674123 0.363246 0.673519 0.362817 0.661427 0.362817 0.660822 0.362387 0.657799 0.362387 0.657195 0.361958 0.652963 0.361958 0.648730 0.363246 0.645707 0.364964 0.645103 0.365822 0.645103 0.371404 0.647521 0.374410 0.648730 0.376986 0.648730 0.382997 0.646917 0.386003 0.646917 0.398884 0.646312 0.399313 0.646312 0.402319 0.646917 0.402748 0.646917 0.417776 0.646312 0.418205 0.645707 0.423358 0.648730 0.425934 0.652358 0.426793 0.657799 0.426793 0.658404 0.426363 0.663241 0.426363 0.663845 0.425934 0.676542 0.425934 0.677146 0.425505 0.678960 0.425934 0.691657 0.425934 0.692261 0.425505 0.721886 0.425934 0.722491 0.425505 0.728537 0.425075 0.729141 0.424646 0.741838 0.424646 0.743652 0.424216 0.745466 0.422928 0.746675 0.420781 0.746675 0.419064 0.747279 0.418635 0.747279 0.413912 0.746675 0.413482 0.746675 0.411765 0.747279 0.411335 0.747279 0.402319 0.746675 0.401889 0.747279 0.392443 0.746675 0.392014 0.746675 0.386432 0.746070 0.386003 0.746070 0.376986 0.746675 0.376556 0.746675 0.373122 0.747279 0.372692 0.747279 0.367540 0.746675 0.367110 0.746675 0.363675 0.746070 0.363246 0.746070 0.360670 0.745466 0.360240 0.744861 0.354229
0 0.718863 0.251610 0.706771 0.251610 0.706167 0.251181 0.683797 0.251610 0.683192 0.252039 0.639057 0.251610 0.633615 0.252898 0.631197 0.254616 0.629988 0.259339 0.630593 0.265350 0.628174 0.270073 0.622128 0.266209 0.620919 0.266209 0.619710 0.267497 0.620314 0.272220 0.624547 0.275225 0.628779 0.280807 0.629988 0.285530 0.628174 0.290253 0.623942 0.289395 0.621524 0.289824 0.622128 0.294118 0.625151 0.298411 0.626965 0.305281 0.625151 0.311292 0.625756 0.322027 0.623942 0.325891 0.622128 0.327179 0.617896 0.332761 0.617291 0.337055 0.618501 0.340060 0.618501 0.343495 0.617291 0.347359 0.611850 0.353800 0.613664 0.355517 0.622128 0.355947 0.633011 0.358094 0.638452 0.358094 0.645103 0.356376 0.650544 0.356376 0.651149 0.355947 0.662636 0.357664 0.671100 0.357235 0.677146 0.358523 0.681378 0.358094 0.713422 0.358523 0.720073 0.356806 0.721886 0.354229 0.720677 0.348218 0.722491 0.341348 0.723700 0.328897 0.722491 0.324603 0.722491 0.307428 0.721282 0.303134 0.721282 0.296694 0.721886 0.296264 0.721886 0.272649 0.720677 0.267497 0.721282 0.254616 0.720677 0.252898
0 0.501209 0.184199 0.503023 0.188064 0.502418 0.195792 0.505441 0.200515 0.505441 0.202233 0.502418 0.206526 0.502418 0.218549 0.504232 0.221554 0.507860 0.224131 0.508464 0.231000 0.512092 0.235294 0.515115 0.237012 0.523579 0.236582 0.525998 0.235723 0.528416 0.232718 0.531439 0.231000 0.537485 0.234006 0.550786 0.230571 0.563482 0.229712 0.570738 0.227565 0.578597 0.229712 0.598549 0.229283 0.619105 0.225848 0.624547 0.225848 0.628174 0.227995 0.629383 0.230571 0.627569 0.242164 0.629988 0.244311 0.634825 0.245599 0.727932 0.246028 0.738815 0.246887 0.743652 0.245170 0.746070 0.243023 0.744256 0.236153 0.747279 0.231000 0.747279 0.224131 0.748489 0.221125 0.747279 0.212108 0.749093 0.209103 0.749093 0.201803 0.746675 0.196222 0.747279 0.176900 0.745466 0.173894 0.741838 0.171748 0.727932 0.170459 0.720677 0.171748 0.646917 0.172177 0.641475 0.171318 0.638452 0.168313 0.638452 0.159725 0.634825 0.157578 0.629383 0.156290 0.590689 0.156720 0.578597 0.158008 0.564087 0.155861 0.556832 0.156720 0.545345 0.155861 0.540508 0.157578 0.536880 0.162731 0.531439 0.183340 0.528416 0.182482 0.525393 0.178617 0.522975 0.171318 0.512697 0.170889 0.509673 0.172177 0.510278 0.178188 0.509069 0.179906
0 0.272672 0.176900 0.267836 0.182482 0.269045 0.219407 0.264813 0.258480 0.269045 0.265779 0.266022 0.280807 0.269649 0.358094 0.267836 0.418635 0.270254 0.425505 0.279927 0.428510 0.403265 0.426793 0.533857 0.427651 0.566505 0.424216 0.565901 0.406183 0.562878 0.401460 0.564087 0.382568 0.561064 0.376127 0.559250 0.353371 0.567715 0.346501 0.571947 0.337055 0.573156 0.323315 0.570133 0.310863 0.564087 0.310863 0.554414 0.305281 0.530834 0.307857 0.521765 0.305281 0.496977 0.306569 0.489722 0.304422 0.477025 0.304422 0.446796 0.307857 0.420798 0.301417 0.432285 0.296694 0.481258 0.299270 0.498186 0.297553 0.564692 0.297982 0.570738 0.294976 0.567110 0.283383 0.571342 0.277372 0.565901 0.270073 0.573761 0.258480 0.582225 0.252469 0.581620 0.245170 0.570738 0.241735 0.569528 0.237441 0.564087 0.235723 0.556227 0.241735 0.535067 0.237012 0.515115 0.238300 0.511487 0.235723 0.512697 0.229283 0.491536 0.228424 0.481862 0.213396 0.489722 0.202233 0.493349 0.188922 0.482467 0.185487 0.451632 0.184629 0.449819 0.178617 0.447400 0.178617 0.447400 0.186775 0.433495 0.190210 0.422007 0.187205 0.364571 0.187205 0.351270 0.189781 0.339782 0.187634 0.336155 0.204380 0.336155 0.218978 0.339178 0.225848 0.333132 0.231859 0.328900 0.227565 0.330713 0.203521 0.328295 0.178188 0.310762 0.175182
0 0.254534 0.559038 0.255139 0.576213 0.253325 0.579648 0.253325 0.583942 0.254534 0.586088 0.254534 0.598970 0.255139 0.599399 0.254534 0.608416 0.255744 0.613139 0.255744 0.621726 0.254534 0.629455 0.255744 0.632460 0.257557 0.634607 0.259371 0.635466 0.303507 0.635895 0.304111 0.636325 0.309553 0.636325 0.314389 0.635466 0.336155 0.635895 0.340992 0.634607 0.342201 0.632031 0.342805 0.626878 0.344014 0.625161 0.347642 0.623444 0.359129 0.623873 0.372430 0.622585 0.382104 0.623014 0.389359 0.620867 0.401451 0.622585 0.409311 0.622585 0.418380 0.621297 0.423216 0.618721 0.424426 0.608416 0.423821 0.584371 0.423216 0.583942 0.423821 0.560326 0.421403 0.558609 0.415961 0.557750 0.396614 0.557750 0.396010 0.557321 0.329504 0.557321 0.328900 0.556891 0.267836 0.556462 0.267231 0.556891 0.258767 0.556891 0.256953 0.557321
0 0.420798 0.559468 0.421403 0.565908 0.422007 0.566337 0.422007 0.585230 0.423216 0.590382 0.423216 0.594246 0.422007 0.598111 0.422007 0.607986 0.423216 0.611851 0.423216 0.617862 0.424426 0.619579 0.430472 0.621726 0.437727 0.623014 0.457678 0.623014 0.461306 0.622585 0.465538 0.620867 0.471584 0.621726 0.475816 0.619150 0.481258 0.617862 0.492745 0.618291 0.498186 0.619150 0.515115 0.619150 0.515719 0.618721 0.582829 0.619150 0.587062 0.617862 0.588271 0.616144 0.588271 0.609704 0.587062 0.607128 0.586457 0.588235 0.585248 0.585230 0.585248 0.571061 0.585853 0.570631 0.586457 0.563332 0.585853 0.561614 0.584039 0.559897 0.573761 0.558179 0.563482 0.558179 0.553204 0.559468 0.549577 0.558609 0.510883 0.558179 0.510278 0.557750 0.479444 0.558179 0.474002 0.557321 0.465538 0.557321 0.464933 0.557750 0.434099 0.557321 0.433495 0.557750 0.423821 0.558179
0 0.667473 0.559468 0.664450 0.561185 0.663241 0.562903 0.663241 0.564620 0.662636 0.565049 0.662636 0.566337 0.663241 0.566767 0.663241 0.573207 0.663845 0.573637 0.663845 0.586088 0.663241 0.586518 0.663241 0.589953 0.663845 0.590382 0.663845 0.595535 0.663241 0.595964 0.663241 0.603693 0.663845 0.604122 0.663845 0.605839 0.663241 0.606269 0.662636 0.609704 0.662031 0.610133 0.662031 0.621726 0.661427 0.622155 0.661427 0.627737 0.662031 0.628167 0.662031 0.629884 0.664450 0.633319 0.666868 0.635895 0.669287 0.637613 0.671705 0.637613 0.675332 0.635895 0.676542 0.635895 0.678960 0.635036 0.680774 0.635036 0.681378 0.635466 0.712817 0.635466 0.713422 0.635895 0.718259 0.636325 0.718863 0.636754 0.719468 0.636325 0.720677 0.636325 0.723700 0.634178 0.726723 0.630313 0.726723 0.615286 0.726118 0.614856 0.726118 0.609704 0.726723 0.609274 0.726723 0.607128 0.727328 0.606698 0.727328 0.601546 0.726723 0.601116 0.726723 0.591670 0.726118 0.591241 0.726118 0.586088 0.726723 0.585659 0.726723 0.583942 0.727328 0.583512 0.727328 0.578789 0.726723 0.578360 0.726723 0.568914 0.726118 0.568484 0.726118 0.564191 0.725514 0.563761 0.725514 0.562473 0.723700 0.560756 0.721282 0.559897 0.714027 0.559897 0.713422 0.560326 0.711004 0.560326 0.710399 0.559897 0.706167 0.559897 0.705562 0.559468 0.697098 0.559468 0.696493 0.559897 0.694075 0.559897 0.693470 0.559468 0.674123 0.559468 0.673519 0.559038 0.669287 0.559038 0.668682 0.559468
0 0.724305 0.639330 0.723096 0.638471 0.722491 0.638471 0.720677 0.637613 0.715840 0.637613 0.715236 0.637183 0.710399 0.637183 0.709794 0.637613 0.707376 0.637613 0.706771 0.638042 0.703144 0.638042 0.702539 0.638471 0.701330 0.638471 0.700725 0.638042 0.689843 0.638042 0.689238 0.638471 0.668077 0.638471 0.667473 0.638901 0.664450 0.639760 0.662636 0.641906 0.662636 0.643624 0.662031 0.644053 0.662031 0.652211 0.662636 0.652641 0.662636 0.659511 0.663241 0.659940 0.663241 0.663375 0.663845 0.663804 0.663845 0.665092 0.663241 0.665522 0.663241 0.668527 0.662636 0.668957 0.662636 0.671533 0.662031 0.671962 0.662031 0.673250 0.661427 0.673680 0.661427 0.675826 0.662031 0.676256 0.662031 0.676685 0.663241 0.677544 0.663845 0.677544 0.666868 0.678832 0.668077 0.678832 0.668682 0.679262 0.675332 0.679262 0.675937 0.678832 0.686820 0.678832 0.687424 0.679262 0.698912 0.679262 0.699516 0.678832 0.708585 0.678832 0.709190 0.679262 0.720073 0.679262 0.720677 0.678832 0.721886 0.678832 0.722491 0.678403 0.723096 0.678403 0.724909 0.677115 0.724909 0.676685 0.725514 0.676256 0.725514 0.674968 0.726118 0.674538 0.726118 0.671962 0.725514 0.671533 0.725514 0.669815 0.726118 0.669386 0.726118 0.662087 0.725514 0.661657 0.725514 0.656505 0.726118 0.656076 0.726118 0.647918 0.725514 0.647488 0.725514 0.641477 0.724909 0.641048 0.724909 0.640189 0.724305 0.639760
0 0.644498 0.685702 0.640266 0.687849 0.639057 0.691284 0.639661 0.701589 0.637848 0.708888 0.638452 0.717046 0.639661 0.720910 0.638452 0.730356 0.640266 0.732933 0.640266 0.737226 0.637848 0.740661 0.637848 0.741949 0.639057 0.743237 0.639057 0.745814 0.636034 0.747102 0.632406 0.746243 0.630593 0.744955 0.627569 0.744955 0.626360 0.746243 0.621524 0.747531 0.619710 0.748819 0.617896 0.753113 0.619105 0.763418 0.623337 0.769429 0.619710 0.774152 0.619710 0.779734 0.620314 0.780163 0.619710 0.794762 0.620919 0.799485 0.623337 0.802061 0.627569 0.803778 0.632406 0.803778 0.636034 0.802920 0.644498 0.802920 0.645103 0.803349 0.656590 0.802920 0.668682 0.801202 0.676542 0.803349 0.682588 0.803349 0.686215 0.802490 0.693470 0.803349 0.701935 0.802490 0.710399 0.803349 0.721282 0.803349 0.724305 0.802061 0.727932 0.793903 0.725514 0.778016 0.725514 0.773293 0.726723 0.769858 0.725514 0.763847 0.725514 0.750537 0.727328 0.746243 0.726723 0.743667 0.727328 0.734221 0.726118 0.730786 0.726723 0.720910 0.726118 0.720481 0.726118 0.710176 0.725514 0.709747 0.725514 0.697295 0.723700 0.689137 0.721886 0.686561 0.718259 0.684843 0.702539 0.684843 0.701935 0.684414 0.659613 0.684843 0.655985 0.683985 0.652358 0.683985
0 0.634825 0.683985 0.632406 0.682696 0.628174 0.682267 0.625151 0.683126 0.620314 0.686561 0.614268 0.685273 0.611850 0.685702 0.610036 0.687419 0.610641 0.693431 0.605200 0.695148 0.602177 0.693431 0.600363 0.689566 0.593712 0.683126 0.590085 0.681838 0.584643 0.681408 0.570738 0.683126 0.561669 0.681838 0.422612 0.681838 0.417775 0.684414 0.415961 0.688278 0.415961 0.793474 0.417170 0.798197 0.422007 0.800343 0.428658 0.801202 0.464933 0.800773 0.471584 0.801202 0.479444 0.803778 0.523579 0.803778 0.527811 0.804637 0.576784 0.804208 0.588271 0.805067 0.592503 0.804208 0.607618 0.804637 0.611850 0.803349 0.615478 0.800343 0.616687 0.796479 0.616687 0.781881 0.614873 0.771576 0.616082 0.761271 0.613664 0.751825 0.616082 0.748390 0.616687 0.741091 0.620314 0.738514 0.633615 0.737226 0.637243 0.735079 0.635429 0.728639 0.637243 0.723486 0.636638 0.716187 0.639057 0.711464 0.639057 0.704594 0.637848 0.701159 0.637848 0.690854
0 0.258162 0.683555 0.254534 0.686990 0.255744 0.691284 0.255744 0.699012 0.250907 0.710605 0.252721 0.716617 0.252116 0.723486 0.253930 0.729927 0.253930 0.741520 0.252116 0.745814 0.252116 0.759553 0.253930 0.765994 0.253930 0.782310 0.258162 0.785745 0.263603 0.787462 0.263603 0.788321 0.259371 0.789609 0.256348 0.792615 0.256348 0.796050 0.258162 0.799914 0.260580 0.801632 0.264208 0.802490 0.325877 0.802920 0.337969 0.800343 0.340992 0.800343 0.350060 0.803349 0.375453 0.802490 0.379686 0.803349 0.405683 0.802920 0.409915 0.801632 0.412938 0.798626 0.412938 0.792185 0.410520 0.788751 0.410520 0.787033 0.413543 0.782739 0.412938 0.773293 0.414147 0.769429 0.414147 0.757836 0.412938 0.752254 0.414147 0.744955 0.412938 0.686131 0.410520 0.684414 0.406288 0.683126 0.398428 0.683126 0.393591 0.683985 0.381499 0.683555 0.374849 0.687419 0.372430 0.687419 0.364571 0.683985 0.350665 0.683126 0.322854 0.683555 0.280532 0.683126 0.264813 0.682267