0 0.369105 0.129598 0.366082 0.130026 0.363966 0.132164 0.361245 0.133447 0.357920 0.132592 0.354897 0.133447 0.323156 0.133020 0.318924 0.133447 0.315599 0.135158 0.313180 0.133875 0.299879 0.133447 0.295949 0.134731 0.289299 0.133875 0.279021 0.133875 0.275091 0.135586 0.274184 0.137297 0.273579 0.141146 0.273579 0.150128 0.274486 0.153550 0.274486 0.156544 0.273881 0.159110 0.273881 0.176219 0.274184 0.181352 0.275091 0.185629 0.275091 0.201454 0.274486 0.206587 0.275695 0.212147 0.277207 0.214286 0.279323 0.214713 0.282950 0.213430 0.287485 0.213858 0.290508 0.213003 0.293833 0.214286 0.296252 0.214286 0.298670 0.212575 0.304414 0.213003 0.306530 0.212147 0.321040 0.213430 0.323458 0.212575 0.354595 0.213003 0.357013 0.212147 0.363664 0.212575 0.366082 0.211719 0.368501 0.208725 0.369710 0.206159 0.370617 0.201882 0.370314 0.178785 0.369105 0.174508 0.367896 0.172797 0.367896 0.170659 0.369408 0.166809 0.369105 0.164671 0.367594 0.160821 0.367594 0.159538 0.369105 0.155261 0.369105 0.153550 0.367594 0.149273 0.368198 0.142002 0.366687 0.137297 0.366989 0.134303 0.369105 0.132164
0 0.364873 0.216424 0.331318 0.216852 0.308041 0.215569 0.302297 0.217707 0.301088 0.218991 0.300786 0.230967 0.301995 0.235672 0.301995 0.238666 0.301391 0.242515 0.301693 0.248075 0.300181 0.254063 0.299879 0.259196 0.300181 0.279299 0.300786 0.283148 0.300786 0.343456 0.300181 0.355004 0.297763 0.365269 0.298368 0.367836 0.302297 0.371257 0.303809 0.371257 0.305925 0.369547 0.309553 0.364842 0.311366 0.359281 0.313180 0.359281 0.314389 0.360137 0.316808 0.359709 0.317715 0.357998 0.316505 0.355432 0.316505 0.354149 0.319831 0.346878 0.324667 0.344739 0.327388 0.337468 0.328597 0.335757 0.331923 0.334902 0.335550 0.326775 0.340085 0.322070 0.342201 0.321215 0.344619 0.316082 0.348247 0.315654 0.352781 0.311805 0.352479 0.307100 0.357013 0.299401 0.359432 0.298546 0.360036 0.295552 0.361850 0.292985 0.364873 0.292985 0.365780 0.290419 0.368501 0.286997 0.370617 0.275449 0.370919 0.248931 0.365780 0.242087 0.365478 0.235244 0.366082 0.230111 0.365175 0.225834 0.365780 0.218135
0 0.163543 0.248503 0.163543 0.256202 0.164148 0.260907 0.163241 0.273311 0.163241 0.278443 0.164148 0.282720 0.163241 0.292558 0.163241 0.309666 0.163845 0.322070 0.163543 0.344311 0.164450 0.346878 0.166868 0.348589 0.201028 0.347733 0.214027 0.349016 0.217352 0.348161 0.225514 0.349444 0.227932 0.350727 0.230955 0.350727 0.233676 0.349444 0.234885 0.347733 0.234885 0.333618 0.234281 0.330197 0.235490 0.326347 0.235187 0.307956 0.234281 0.304106 0.232467 0.301540 0.219166 0.302395 0.216747 0.301540 0.215840 0.299829 0.216747 0.296835 0.218561 0.295552 0.223700 0.295552 0.227932 0.296835 0.230048 0.296407 0.230653 0.295552 0.230653 0.293841 0.229746 0.289991 0.229141 0.289136 0.228235 0.289136 0.225212 0.293841 0.222491 0.295124 0.216143 0.295124 0.214631 0.294269 0.211306 0.294269 0.208888 0.295552 0.207074 0.295552 0.205260 0.294696 0.204353 0.293413 0.203748 0.290847 0.203446 0.277588 0.204051 0.272027 0.201330 0.266039 0.201028 0.260051 0.202539 0.254063 0.202237 0.251497 0.201632 0.250214 0.198912 0.248503 0.194982 0.244226 0.191657 0.243370 0.182588 0.243370 0.179867 0.244654 0.175635 0.244654 0.172914 0.245937 0.169891 0.245937 0.167775 0.244654 0.166264 0.244654
0 0.163845 0.351155 0.162636 0.357143 0.162636 0.362275 0.163241 0.365269 0.163543 0.372541 0.163241 0.376818 0.161729 0.381095 0.161729 0.384089 0.162334 0.385800 0.162636 0.389222 0.161427 0.393499 0.161729 0.401198 0.160822 0.405475 0.161125 0.417023 0.160520 0.420873 0.158706 0.425150 0.157497 0.435415 0.158102 0.440120 0.158102 0.446108 0.159008 0.447819 0.163241 0.448674 0.165357 0.447819 0.180774 0.447391 0.182588 0.446535 0.189843 0.446963 0.204051 0.446535 0.206771 0.447391 0.213422 0.447391 0.215840 0.446535 0.226723 0.446535 0.232467 0.444825 0.234885 0.442686 0.236094 0.437126 0.235490 0.432421 0.235490 0.416168 0.234885 0.412746 0.234583 0.405047 0.235187 0.388366 0.234583 0.384944 0.234885 0.376818 0.234281 0.373824 0.234583 0.359281 0.234281 0.356287 0.233071 0.352866 0.228235 0.350727 0.218561 0.351155 0.210399 0.350299 0.206167 0.350727 0.198609 0.350299 0.194982 0.351155 0.191354 0.350299 0.189238 0.351155 0.185913 0.351155 0.183495 0.350299 0.170193 0.350727 0.168682 0.349872 0.165054 0.349872
0 0.162636 0.182635 0.161729 0.184346 0.161729 0.186056 0.161427 0.186484 0.161427 0.189478 0.161125 0.189906 0.160822 0.195894 0.161729 0.198888 0.161729 0.201454 0.162031 0.201882 0.161729 0.202310 0.161729 0.231822 0.161427 0.232250 0.161125 0.237382 0.161427 0.237810 0.161729 0.240804 0.162636 0.242943 0.162938 0.244654 0.164450 0.246364 0.178960 0.245937 0.179262 0.246364 0.189843 0.246364 0.190145 0.246792 0.194680 0.246792 0.194982 0.246364 0.200121 0.246364 0.201632 0.245509 0.203144 0.242943 0.203446 0.239521 0.203748 0.239093 0.203748 0.224551 0.204051 0.224123 0.204051 0.219418 0.204353 0.218991 0.204353 0.215141 0.204655 0.214713 0.204655 0.209581 0.204353 0.209153 0.204353 0.204448 0.204051 0.204021 0.204051 0.198032 0.204353 0.197605 0.204353 0.192900 0.204655 0.192472 0.204655 0.189478 0.203748 0.186484 0.202237 0.184346 0.200423 0.182635 0.189541 0.182635 0.189238 0.182207 0.181076 0.182207 0.180774 0.181779 0.178658 0.181779 0.178356 0.182207 0.176542 0.182207 0.176239 0.182635 0.172914 0.182635 0.172612 0.182207 0.169589 0.182207 0.169287 0.182635 0.164450 0.182635 0.164148 0.182207 0.163241 0.182207
0 0.204655 0.129598 0.203144 0.147562 0.204051 0.154833 0.202539 0.160394 0.207074 0.175791 0.205865 0.204448 0.206771 0.252352 0.205865 0.277588 0.207376 0.287853 0.211608 0.293413 0.219468 0.289991 0.224002 0.291702 0.233374 0.289991 0.237001 0.294696 0.236699 0.310094 0.238210 0.318648 0.238815 0.335757 0.238210 0.349872 0.235490 0.368691 0.235792 0.377673 0.237304 0.383234 0.236094 0.390077 0.236699 0.412318 0.235187 0.417879 0.236397 0.425577 0.235490 0.436270 0.238513 0.441831 0.240931 0.443114 0.245768 0.443114 0.250000 0.439264 0.253628 0.440120 0.256651 0.430282 0.260278 0.427288 0.262697 0.422156 0.264208 0.424294 0.265417 0.435415 0.262999 0.441831 0.262697 0.446535 0.259976 0.451668 0.265719 0.455945 0.279927 0.454662 0.282648 0.451668 0.283253 0.444825 0.285973 0.435843 0.282648 0.432849 0.277509 0.433704 0.271161 0.430710 0.264510 0.420873 0.264208 0.417879 0.266022 0.413174 0.270556 0.411891 0.278114 0.398631 0.282346 0.396920 0.287183 0.387083 0.295042 0.376818 0.300484 0.364414 0.300181 0.347305 0.298065 0.335329 0.299274 0.322498 0.296856 0.313088 0.299274 0.301540 0.299274 0.269889 0.296856 0.248931 0.297763 0.244226 0.297461 0.223695 0.294740 0.217280 0.284462 0.216424 0.281741 0.217707 0.280834 0.222840 0.282346 0.230967 0.280532 0.244226 0.278416 0.247220 0.275091 0.246792 0.273579 0.244226 0.272068 0.214713 0.272975 0.208298 0.272370 0.165098 0.273579 0.149701 0.272975 0.143285 0.275695 0.136014 0.270254 0.133020 0.265719 0.133447 0.261790 0.130453 0.249093 0.132164 0.245768 0.134303 0.232769 0.133020 0.228839 0.130453 0.224002 0.131309 0.217352 0.125749 0.213120 0.131737 0.208888 0.132164
0 0.470375 0.134303 0.469468 0.136869 0.468561 0.150128 0.469166 0.153122 0.469468 0.163815 0.468863 0.170659 0.469468 0.177074 0.469468 0.189906 0.468863 0.197177 0.469770 0.204021 0.469166 0.229683 0.469770 0.235672 0.469770 0.260479 0.469166 0.272455 0.470979 0.281009 0.473398 0.282293 0.526602 0.282293 0.528718 0.281865 0.531137 0.280154 0.544438 0.281437 0.548065 0.281009 0.550484 0.279726 0.551995 0.277588 0.552600 0.272883 0.551995 0.267750 0.551995 0.249358 0.552600 0.244654 0.552297 0.230539 0.552902 0.226262 0.553204 0.212575 0.551693 0.208725 0.551693 0.205731 0.552902 0.201454 0.550786 0.196322 0.551693 0.188623 0.550786 0.186484 0.550484 0.183490 0.551995 0.176647 0.550484 0.171942 0.548670 0.169376 0.546554 0.168092 0.545345 0.165954 0.545345 0.136014 0.543229 0.133447 0.531439 0.133447 0.528416 0.132592 0.479746 0.132592 0.476723 0.133447 0.471584 0.133447
0 0.559553 0.385800 0.562576 0.388366 0.568924 0.387938 0.600665 0.388794 0.605200 0.384089 0.608525 0.381523 0.612152 0.375107 0.616385 0.369974 0.622128 0.360992 0.626058 0.358426 0.627267 0.355432 0.631499 0.349444 0.633313 0.348161 0.636336 0.343456 0.637848 0.342173 0.639964 0.338323 0.642684 0.336612 0.648428 0.326347 0.654776 0.319504 0.657497 0.314799 0.660218 0.312660 0.663241 0.304962 0.668380 0.297263 0.670496 0.296407 0.671403 0.295124 0.671100 0.293841 0.667775 0.293841 0.665961 0.292558 0.662031 0.291702 0.628779 0.291702 0.625756 0.290847 0.613362 0.291275 0.603990 0.290419 0.597340 0.290847 0.590689 0.289136 0.586759 0.289136 0.580411 0.291702 0.562878 0.290847 0.560762 0.292130 0.559553 0.294696 0.560762 0.306672 0.560762 0.320359 0.558948 0.330197 0.558343 0.358426 0.558646 0.382378
0 0.584039 0.135158 0.582225 0.137725 0.581318 0.148417 0.581923 0.153122 0.581923 0.167665 0.581318 0.170659 0.581318 0.174080 0.581923 0.178358 0.581016 0.187340 0.581016 0.228400 0.581923 0.236955 0.583132 0.238666 0.584643 0.239521 0.606409 0.238238 0.609432 0.239521 0.610339 0.240804 0.610641 0.242943 0.609129 0.247648 0.609129 0.250214 0.610641 0.256630 0.613664 0.260479 0.613059 0.266467 0.614873 0.270744 0.614873 0.272455 0.613664 0.275449 0.613664 0.277160 0.615478 0.278871 0.618198 0.280154 0.622128 0.281009 0.629383 0.279726 0.630593 0.278871 0.631197 0.277160 0.631197 0.264328 0.630593 0.260907 0.631197 0.255346 0.631197 0.240804 0.630593 0.238666 0.630593 0.235672 0.631499 0.231822 0.632104 0.224551 0.633313 0.220701 0.633313 0.213430 0.633918 0.209153 0.633615 0.201882 0.632406 0.198032 0.631802 0.192472 0.631499 0.180068 0.630593 0.178785 0.628476 0.179641 0.614268 0.180068 0.611245 0.177930 0.610943 0.159538 0.611548 0.153978 0.610943 0.149701 0.610943 0.141574 0.609432 0.138580 0.603386 0.136014 0.597642 0.134731
0 0.616687 0.134731 0.615780 0.136441 0.615780 0.167665 0.616687 0.170659 0.621221 0.178785 0.621826 0.182635 0.622430 0.183062 0.623640 0.180068 0.628174 0.177074 0.629988 0.172370 0.634220 0.172370 0.633918 0.175364 0.632406 0.176647 0.632406 0.178358 0.633918 0.181779 0.632709 0.190334 0.633615 0.195894 0.635429 0.200171 0.635429 0.202737 0.634220 0.206587 0.634220 0.220274 0.636034 0.226689 0.636034 0.231822 0.635127 0.237810 0.635127 0.242943 0.634220 0.247220 0.634522 0.253636 0.638150 0.265184 0.638754 0.265612 0.640871 0.263473 0.642987 0.263473 0.644800 0.266039 0.644498 0.267323 0.642382 0.269461 0.640266 0.269033 0.639057 0.267750 0.637848 0.268606 0.636941 0.273738 0.636941 0.277588 0.638452 0.279299 0.641778 0.278443 0.645707 0.279299 0.650544 0.278871 0.653265 0.279726 0.659915 0.279726 0.662636 0.281009 0.670193 0.278443 0.670496 0.274594 0.669891 0.270744 0.668682 0.269033 0.665961 0.268178 0.663845 0.266039 0.665054 0.264328 0.670193 0.263045 0.673519 0.254491 0.673216 0.235244 0.674123 0.231394 0.674426 0.226262 0.673821 0.218563 0.673821 0.210436 0.674426 0.205304 0.673821 0.192472 0.674426 0.137725 0.673821 0.135586 0.672007 0.133447 0.662938 0.133447 0.657497 0.134303 0.649335 0.133020 0.629081 0.133020 0.625453 0.133875 0.619407 0.133447
0 0.163845 0.568435 0.163241 0.569718 0.163241 0.585115 0.163845 0.587682 0.163845 0.588965 0.163543 0.589393 0.163543 0.593242 0.163241 0.593670 0.163241 0.609495 0.163543 0.609923 0.163241 0.620616 0.163543 0.621044 0.163543 0.624038 0.164450 0.627459 0.164450 0.630453 0.163543 0.633875 0.163543 0.639863 0.164450 0.642429 0.166868 0.643713 0.170193 0.643713 0.170496 0.644140 0.173216 0.643713 0.173519 0.643285 0.176844 0.643285 0.178356 0.644140 0.190447 0.643713 0.190750 0.643285 0.197098 0.643713 0.197400 0.644140 0.208283 0.644140 0.208888 0.643285 0.209190 0.640291 0.209492 0.639863 0.209492 0.633875 0.208888 0.631309 0.208888 0.622755 0.209190 0.622327 0.209794 0.613772 0.211306 0.606501 0.211004 0.599230 0.210701 0.598802 0.210701 0.597091 0.210399 0.596664 0.209794 0.591103 0.209492 0.590676 0.209492 0.587254 0.210399 0.583405 0.210399 0.576133 0.210701 0.575706 0.210701 0.572712 0.211004 0.572284 0.211004 0.570573 0.210399 0.568435 0.209190 0.567151 0.206167 0.567151 0.205865 0.567579 0.200726 0.567579 0.200423 0.567151 0.199214 0.567151 0.198912 0.567579 0.192261 0.567579 0.191959 0.567151 0.191052 0.567151 0.190750 0.567579 0.184401 0.567579 0.184099 0.567151 0.183192 0.567579 0.168682 0.567579 0.168380 0.567151 0.166264 0.567151
0 0.163845 0.529940 0.163543 0.530796 0.163543 0.536784 0.163845 0.537211 0.163845 0.538494 0.164148 0.538922 0.164148 0.550898 0.164450 0.551326 0.164450 0.554748 0.164752 0.555175 0.164752 0.559880 0.165054 0.560308 0.165054 0.563302 0.165961 0.564585 0.166868 0.564585 0.167170 0.565013 0.178053 0.565013 0.178356 0.565441 0.179565 0.565441 0.179867 0.565013 0.181378 0.565013 0.181681 0.564585 0.182588 0.564585 0.182890 0.564157 0.185006 0.564157 0.185308 0.564585 0.188331 0.564585 0.188634 0.564157 0.189541 0.564157 0.189843 0.563730 0.194982 0.563730 0.195284 0.564157 0.200726 0.564157 0.201028 0.564585 0.202539 0.564585 0.202842 0.565013 0.205260 0.565013 0.205562 0.564585 0.206469 0.564585 0.207074 0.564157 0.207981 0.562874 0.208283 0.562019 0.208283 0.561163 0.208585 0.560736 0.208585 0.559880 0.208888 0.559453 0.208888 0.557742 0.209190 0.557314 0.209190 0.554748 0.209492 0.554320 0.209492 0.540633 0.209794 0.540205 0.209794 0.539350 0.210097 0.538922 0.210097 0.537639 0.210399 0.537211 0.210399 0.532079 0.210097 0.531651 0.210097 0.530368 0.209794 0.529512 0.209492 0.529512 0.208585 0.528229 0.207981 0.528229 0.207678 0.527802 0.205562 0.527802 0.205260 0.527374 0.199516 0.527374 0.199214 0.527802 0.197400 0.527802 0.197098 0.528229 0.190447 0.528229 0.190145 0.527802 0.185006 0.527802 0.184704 0.527374 0.182890 0.527374 0.182588 0.527802 0.176844 0.527802 0.176542 0.528229 0.174426 0.528229 0.174123 0.527802 0.167170 0.527802 0.166868 0.528229 0.165961 0.528229
0 0.216143 0.531651 0.214329 0.534645 0.214329 0.536784 0.215840 0.542772 0.216143 0.547904 0.217352 0.548760 0.219770 0.547049 0.220073 0.542772 0.221282 0.541916 0.222793 0.544910 0.225816 0.546193 0.226421 0.547049 0.225816 0.551754 0.224305 0.554320 0.220073 0.556886 0.216445 0.558169 0.214933 0.560308 0.214027 0.564585 0.214631 0.604363 0.214329 0.604790 0.214329 0.631737 0.213724 0.635158 0.213724 0.643285 0.214329 0.645851 0.217050 0.647562 0.230653 0.647134 0.240629 0.647990 0.246070 0.646279 0.248791 0.647990 0.251814 0.648417 0.256953 0.647990 0.262092 0.645851 0.263603 0.644140 0.264813 0.641146 0.263603 0.634303 0.262999 0.626604 0.263301 0.619333 0.262697 0.605646 0.262999 0.592387 0.262394 0.583832 0.262697 0.547049 0.262092 0.544910 0.259976 0.541916 0.255139 0.539778 0.247582 0.539778 0.245163 0.538922 0.241536 0.538922 0.240024 0.539350 0.237304 0.541488 0.236397 0.541488 0.232769 0.539778 0.229746 0.533790 0.228537 0.533362 0.224002 0.533790 0.217352 0.531223
0 0.364873 0.548760 0.352177 0.549615 0.347944 0.547904 0.339480 0.550470 0.316808 0.547049 0.308343 0.550470 0.295647 0.547049 0.292322 0.548332 0.295042 0.550898 0.296856 0.556886 0.292926 0.565868 0.294740 0.577844 0.290508 0.583405 0.291717 0.594098 0.294740 0.598375 0.294740 0.601369 0.290508 0.602224 0.289299 0.606074 0.291112 0.608212 0.294438 0.607357 0.295647 0.611634 0.294438 0.614628 0.291415 0.616339 0.289601 0.624465 0.291112 0.630453 0.295042 0.628743 0.296252 0.635158 0.295042 0.639008 0.287787 0.645851 0.279927 0.644996 0.275091 0.652695 0.272068 0.651839 0.269952 0.648845 0.266324 0.648845 0.262394 0.654405 0.256651 0.652267 0.259674 0.647562 0.258767 0.644996 0.250000 0.646279 0.245163 0.653978 0.240931 0.646279 0.238513 0.644996 0.216143 0.645423 0.212515 0.648845 0.163543 0.647562 0.162031 0.653122 0.162636 0.710864 0.161427 0.718135 0.162636 0.724551 0.161427 0.759624 0.162334 0.770744 0.166566 0.782293 0.171705 0.781009 0.174426 0.783148 0.212515 0.782293 0.217050 0.777160 0.225212 0.781437 0.229141 0.779299 0.240931 0.780154 0.244861 0.775877 0.249093 0.775449 0.257255 0.779299 0.270859 0.778871 0.274486 0.781009 0.283253 0.780582 0.286276 0.783148 0.296554 0.772455 0.304111 0.760479 0.307739 0.758340 0.314389 0.746792 0.324970 0.733533 0.324667 0.727545 0.316203 0.726262 0.314087 0.721985 0.320435 0.715997 0.323761 0.718135 0.327086 0.725834 0.336759 0.717280 0.341294 0.720274 0.347340 0.711719 0.350363 0.700171 0.352781 0.695894 0.360641 0.689050 0.365780 0.691617 0.368198 0.688195 0.366385 0.682207 0.367594 0.665526 0.367291 0.584688 0.370314 0.576561 0.370617 0.561163