0 0.596233 0.245566 0.594467 0.247840 0.593879 0.251933 0.592702 0.254206 0.592702 0.259663 0.595056 0.266030 0.599765 0.270123 0.600353 0.275125 0.598587 0.276944 0.591524 0.278308 0.589759 0.279673 0.588582 0.283765 0.590347 0.288313 0.590936 0.294679 0.597410 0.301955 0.597999 0.306958 0.597410 0.323784 0.598587 0.325148 0.602707 0.326057 0.615656 0.324693 0.641554 0.324693 0.650383 0.323329 0.674514 0.323784 0.684520 0.321965 0.723367 0.322419 0.731018 0.323784 0.740436 0.324238 0.743967 0.325603 0.745144 0.323784 0.744556 0.258754 0.745733 0.252387 0.745144 0.248749 0.743378 0.247385 0.739847 0.246476 0.703355 0.246476 0.702766 0.246021 0.696881 0.246021 0.692172 0.246930 0.660388 0.246476 0.655091 0.245111 0.648028 0.245111 0.647440 0.244657 0.643320 0.246021 0.639788 0.249659 0.637434 0.246930 0.632725 0.244202 0.607416 0.244657 0.601530 0.242838
0 0.741024 0.327876 0.738081 0.326057 0.723367 0.325148 0.692172 0.325603 0.682166 0.324238 0.636845 0.326057 0.629782 0.325148 0.624485 0.326057 0.593879 0.326512 0.589759 0.329695 0.585639 0.337881 0.580341 0.339700 0.578576 0.341064 0.575044 0.346521 0.576810 0.349704 0.579753 0.350159 0.585639 0.348795 0.590936 0.352888 0.590936 0.356071 0.586816 0.360164 0.583284 0.360618 0.577987 0.359709 0.575044 0.362437 0.573867 0.365166 0.575044 0.368349 0.575044 0.372897 0.573867 0.375625 0.573867 0.414734 0.575044 0.421555 0.577398 0.425648 0.582696 0.426558 0.596822 0.425193 0.615068 0.425648 0.640965 0.424739 0.699235 0.425648 0.705709 0.424739 0.739847 0.424739 0.742201 0.423829 0.745144 0.419282 0.745733 0.414734 0.745144 0.376080 0.747499 0.372897 0.749264 0.366985 0.749853 0.345157 0.748676 0.341519 0.742790 0.336062 0.742201 0.329695
0 0.514420 0.333333 0.512066 0.335152 0.512066 0.337426 0.511477 0.337881 0.512654 0.354707 0.513243 0.355161 0.513243 0.357435 0.513832 0.357890 0.513832 0.359709 0.512654 0.361983 0.509712 0.363802 0.505003 0.364256 0.504414 0.364711 0.502060 0.364711 0.496174 0.362892 0.487934 0.362437 0.486168 0.363802 0.484991 0.365621 0.483814 0.372442 0.484403 0.372897 0.484403 0.376990 0.484991 0.377444 0.484991 0.381082 0.485580 0.381537 0.485580 0.395180 0.484403 0.397453 0.483814 0.401546 0.485580 0.405184 0.485580 0.408367 0.484403 0.411096 0.484403 0.413370 0.486757 0.417917 0.488523 0.418827 0.489111 0.418372 0.494997 0.418372 0.495586 0.417917 0.504414 0.417917 0.505003 0.417462 0.508534 0.417462 0.509123 0.417008 0.510889 0.417462 0.516775 0.422010 0.518540 0.422465 0.527369 0.422465 0.527958 0.422920 0.534432 0.423374 0.535021 0.422920 0.538552 0.422920 0.542672 0.421555 0.546204 0.421555 0.546792 0.421100 0.550324 0.421100 0.550912 0.421555 0.566215 0.421100 0.569747 0.422010 0.572690 0.417462 0.572690 0.416098 0.573867 0.413824 0.573867 0.410641 0.574456 0.410186 0.574456 0.398818 0.573867 0.398363 0.573278 0.389723 0.573867 0.389268 0.573867 0.386539 0.574456 0.386085 0.575044 0.382447 0.574456 0.381992 0.574456 0.377899 0.573867 0.377444 0.573867 0.375625 0.574456 0.375171 0.574456 0.370168 0.573278 0.367440 0.569747 0.365166 0.566215 0.365166 0.565627 0.364711 0.562095 0.364711 0.556798 0.366075 0.554444 0.365621 0.552678 0.364256 0.550912 0.361073 0.549735 0.355161 0.549147 0.354707 0.549147 0.352433 0.547381 0.347885 0.545026 0.345612 0.542672 0.341974 0.540318 0.340155 0.536198 0.338790 0.532078 0.336062 0.525015 0.333333 0.520895 0.333333 0.520306 0.332879 0.516186 0.332879
0 0.340200 0.278763 0.338434 0.283765 0.334314 0.288313 0.334903 0.291496 0.339023 0.296044 0.338434 0.308322 0.336669 0.311050 0.336669 0.314689 0.339023 0.317872 0.339612 0.323329 0.341966 0.326967 0.343143 0.336062 0.340789 0.338790 0.339612 0.342883 0.340200 0.354252 0.339023 0.357890 0.340200 0.363347 0.339023 0.372442 0.340789 0.375171 0.341377 0.379718 0.339023 0.389268 0.335491 0.394725 0.336080 0.407458 0.334903 0.410641 0.334903 0.417462 0.336669 0.420646 0.340789 0.421555 0.350206 0.425648 0.359623 0.425648 0.364332 0.424739 0.420836 0.424739 0.427899 0.423374 0.440259 0.425193 0.450265 0.425193 0.455562 0.423829 0.472631 0.424284 0.474397 0.422465 0.476162 0.415189 0.474985 0.381082 0.476751 0.362892 0.476751 0.329241 0.478517 0.316053 0.478517 0.311050 0.474397 0.306503 0.474397 0.297863 0.471454 0.296498 0.462625 0.296953 0.457328 0.296044 0.453796 0.293770 0.453208 0.288313 0.454973 0.284675 0.454973 0.281492 0.452031 0.279218 0.427310 0.279673 0.424367 0.277854 0.418481 0.276035 0.404355 0.276944 0.366098 0.276944 0.359035 0.274670 0.348440 0.275125
0 0.632137 0.438836 0.629782 0.437472 0.625074 0.437017 0.603885 0.437472 0.597410 0.438381 0.591524 0.440200 0.579164 0.440200 0.572690 0.438381 0.550912 0.438381 0.550324 0.437926 0.535021 0.437926 0.534432 0.437472 0.526192 0.437472 0.520306 0.438836 0.519129 0.439745 0.516186 0.439745 0.514420 0.438836 0.507357 0.437926 0.501471 0.437926 0.498529 0.438836 0.496174 0.441110 0.493231 0.452478 0.493231 0.468395 0.493820 0.468849 0.493231 0.484766 0.494408 0.493406 0.496174 0.499318 0.499117 0.496589 0.503237 0.495680 0.506180 0.497499 0.508534 0.501137 0.511477 0.502501 0.513832 0.500682 0.515597 0.496135 0.516775 0.495225 0.520306 0.495225 0.523249 0.496135 0.534432 0.495680 0.542672 0.497954 0.543849 0.498863 0.544438 0.500682 0.540318 0.505684 0.540906 0.508413 0.542672 0.510687 0.542672 0.513870 0.541495 0.515234 0.541495 0.517053 0.548558 0.522510 0.552089 0.523420 0.556798 0.523420 0.560330 0.522056 0.566215 0.518417 0.570336 0.517053 0.576221 0.512051 0.577987 0.506139 0.577987 0.501137 0.576221 0.497044 0.576221 0.493861 0.577398 0.492497 0.579164 0.492042 0.585050 0.494770 0.590936 0.494316 0.593290 0.493406 0.603885 0.493406 0.610948 0.494316 0.618599 0.494316 0.623896 0.492497 0.630371 0.493406 0.633902 0.489313 0.639788 0.487494 0.641554 0.484311 0.641554 0.479764 0.639788 0.471578 0.632725 0.465211 0.633314 0.441110
0 0.633314 0.558436 0.631548 0.557071 0.624485 0.557071 0.616833 0.552524 0.608005 0.551160 0.602119 0.552524 0.592702 0.552979 0.586816 0.556617 0.585050 0.556617 0.579164 0.554343 0.571513 0.557071 0.560918 0.557071 0.560330 0.557526 0.496174 0.557526 0.492643 0.557071 0.492054 0.557526 0.474397 0.557526 0.468511 0.558890 0.466745 0.560255 0.465568 0.562983 0.466157 0.606639 0.463802 0.611187 0.466745 0.618918 0.467334 0.630741 0.471454 0.633470 0.474397 0.633924 0.524426 0.634379 0.539141 0.633470 0.572690 0.633470 0.573278 0.633015 0.625662 0.633470 0.630371 0.632560 0.633314 0.629377 0.633314 0.622101 0.634491 0.616644 0.634491 0.605275 0.640965 0.601182 0.642731 0.596635 0.643320 0.575262 0.640377 0.572078 0.636257 0.570714 0.634491 0.569350
0 0.447322 0.526148 0.441436 0.525693 0.427310 0.530696 0.419659 0.537517 0.417304 0.541155 0.414361 0.549341 0.413184 0.551160 0.410830 0.552979 0.406710 0.553433 0.406121 0.553888 0.393172 0.553888 0.392584 0.554343 0.389641 0.554343 0.387875 0.555707 0.386109 0.560255 0.386109 0.562528 0.385521 0.562983 0.385521 0.572988 0.386109 0.573443 0.386109 0.594361 0.387875 0.598909 0.387287 0.613915 0.387875 0.614370 0.387875 0.618463 0.389052 0.621191 0.389052 0.626648 0.388464 0.627103 0.388464 0.628922 0.389052 0.630286 0.390818 0.631651 0.394938 0.633015 0.397293 0.633015 0.397881 0.633470 0.417304 0.633470 0.417893 0.633924 0.421424 0.633924 0.422013 0.633470 0.439082 0.633470 0.439670 0.633015 0.443202 0.633015 0.443790 0.633470 0.456739 0.633470 0.457916 0.633015 0.459682 0.631196 0.459682 0.629832 0.460271 0.629377 0.459682 0.618463 0.462625 0.613006 0.462036 0.601637 0.461448 0.601182 0.462036 0.562528 0.461448 0.562074 0.461448 0.560709 0.459682 0.558890 0.456739 0.557981 0.452619 0.557526 0.450265 0.556617 0.449088 0.555707 0.447911 0.553433 0.448499 0.548886 0.449088 0.548431 0.448499 0.539336 0.449088 0.538881 0.449088 0.535243 0.449676 0.534789 0.449676 0.528422
0 0.457328 0.438381 0.408476 0.438381 0.377869 0.439745 0.304885 0.438836 0.284285 0.441564 0.268982 0.442019 0.273102 0.443383 0.283108 0.443383 0.286051 0.445657 0.286051 0.447476 0.283108 0.449295 0.266627 0.448840 0.253679 0.446112 0.237198 0.452933 0.230135 0.453843 0.225427 0.465211 0.226604 0.468395 0.225427 0.476125 0.226604 0.487949 0.224838 0.497499 0.224838 0.522056 0.228370 0.530696 0.228370 0.560255 0.224250 0.569350 0.223661 0.583447 0.226015 0.588904 0.226015 0.593452 0.229547 0.599363 0.229547 0.607549 0.231313 0.609368 0.236610 0.608458 0.238376 0.609823 0.238964 0.616189 0.246027 0.620282 0.252501 0.632105 0.262507 0.633015 0.267805 0.628467 0.285462 0.628013 0.296645 0.626194 0.307828 0.628467 0.327840 0.628013 0.334314 0.629377 0.358446 0.627558 0.366686 0.633015 0.381989 0.633470 0.383755 0.632105 0.383167 0.611187 0.384344 0.604820 0.382578 0.599363 0.381989 0.572078 0.385521 0.554343 0.389052 0.551614 0.401413 0.554343 0.410830 0.553888 0.414361 0.548431 0.417304 0.535698 0.433196 0.526603 0.443202 0.523875 0.447911 0.523875 0.452031 0.520691 0.456151 0.508413 0.454973 0.490678 0.457328 0.484311 0.456739 0.470668 0.459094 0.463392 0.459094 0.457481 0.452031 0.451569 0.459682 0.442019
0 0.336669 0.646203 0.333726 0.653024 0.333726 0.666212 0.327251 0.675762 0.326663 0.684402 0.327840 0.688950 0.336080 0.689404 0.340200 0.693042 0.339612 0.695316 0.334903 0.698954 0.334314 0.700773 0.334903 0.706685 0.333726 0.711232 0.336080 0.716689 0.335491 0.723056 0.339612 0.728058 0.339612 0.734425 0.332549 0.741701 0.330783 0.752160 0.330194 0.764893 0.331960 0.769895 0.330783 0.779900 0.331960 0.785357 0.331371 0.793543 0.334903 0.799909 0.344909 0.805821 0.346086 0.809004 0.345497 0.816735 0.349029 0.821737 0.357858 0.823101 0.367863 0.822647 0.403767 0.825375 0.410830 0.830832 0.420836 0.831287 0.431430 0.829468 0.464979 0.830832 0.471454 0.824466 0.483225 0.822192 0.485580 0.817644 0.481460 0.811733 0.483225 0.809459 0.494997 0.808095 0.499117 0.811733 0.495586 0.819918 0.496174 0.821737 0.501471 0.823556 0.509123 0.822192 0.511477 0.819463 0.510300 0.810823 0.516775 0.800364 0.514420 0.789905 0.515009 0.779900 0.511477 0.771714 0.512066 0.762165 0.506180 0.757617 0.506769 0.753070 0.505003 0.751705 0.501471 0.752160 0.501471 0.758072 0.493231 0.762165 0.486168 0.762619 0.481460 0.761710 0.479105 0.757617 0.477340 0.718963 0.479694 0.708959 0.477340 0.695771 0.479694 0.688495 0.479694 0.680309 0.478517 0.677126 0.479105 0.655298 0.476751 0.647112 0.472631 0.645293 0.462625 0.644384 0.400235 0.645293 0.389641 0.643474 0.383167 0.644384 0.351383 0.643474 0.343732 0.646658
0 0.605650 0.650750 0.604473 0.653024 0.605062 0.667121 0.605650 0.667576 0.605062 0.689859 0.606239 0.692133 0.606239 0.712142 0.609182 0.720327 0.609182 0.723511 0.606828 0.727149 0.605062 0.734425 0.605062 0.740337 0.606828 0.742156 0.608005 0.742610 0.622719 0.742610 0.623308 0.743065 0.638611 0.742610 0.643908 0.744429 0.651560 0.745794 0.698058 0.746248 0.698646 0.746703 0.703355 0.746248 0.729841 0.746248 0.730430 0.746703 0.737493 0.746248 0.741024 0.743975 0.742201 0.741701 0.742790 0.734879 0.748087 0.730787 0.749264 0.728968 0.749264 0.706685 0.748676 0.703047 0.745144 0.698045 0.743967 0.693952 0.744556 0.690314 0.743967 0.657117 0.745144 0.651660 0.743967 0.649386 0.741024 0.647112 0.738670 0.646203 0.727487 0.646203 0.723955 0.647112 0.714538 0.647112 0.705709 0.648931 0.690995 0.646203 0.688640 0.646658 0.665686 0.646658 0.665097 0.646203 0.638022 0.646658 0.633902 0.648022 0.630371 0.650750 0.625074 0.649386 0.613891 0.649386 0.613302 0.648931 0.608593 0.648931
0 0.603296 0.748522 0.601530 0.753979 0.601530 0.770805 0.602707 0.775352 0.601530 0.777626 0.596822 0.782174 0.596233 0.784902 0.594467 0.787176 0.594467 0.788995 0.595056 0.789450 0.595056 0.792633 0.598587 0.798545 0.599176 0.806276 0.599765 0.806730 0.599765 0.812642 0.596233 0.821282 0.596233 0.823101 0.597999 0.824920 0.605062 0.829013 0.608005 0.829923 0.635080 0.829468 0.642142 0.828558 0.647440 0.825830 0.688640 0.825375 0.699823 0.823556 0.706298 0.823556 0.712772 0.824920 0.738670 0.824466 0.741613 0.823556 0.743967 0.821737 0.743967 0.814461 0.743378 0.814006 0.743378 0.794452 0.743967 0.793997 0.743378 0.791724 0.743378 0.772624 0.743967 0.772169 0.743378 0.759436 0.743967 0.756708 0.743378 0.756253 0.743378 0.751705 0.742201 0.750341 0.737493 0.748977 0.729253 0.748522 0.723367 0.750341 0.711595 0.750341 0.708064 0.751251 0.705121 0.751251 0.695703 0.749886 0.683343 0.749432 0.679223 0.748522 0.671572 0.748522 0.670983 0.748067 0.663331 0.748067 0.662743 0.748522 0.662154 0.748067 0.648028 0.748067 0.646851 0.748522 0.643908 0.747613 0.635668 0.746703 0.624485 0.746703 0.622719 0.747158 0.622131 0.746703 0.615656 0.746703 0.611536 0.745794 0.608005 0.745794
0 0.599765 0.716235 0.583284 0.713051 0.575633 0.713051 0.570924 0.714416 0.566804 0.714416 0.566215 0.714870 0.555621 0.713961 0.553855 0.714870 0.550324 0.718963 0.546792 0.725784 0.542084 0.731696 0.533255 0.739882 0.518540 0.739427 0.516775 0.740791 0.516186 0.746248 0.517363 0.747613 0.519129 0.748067 0.526780 0.747613 0.529723 0.745794 0.532078 0.742610 0.533843 0.742610 0.540318 0.746703 0.541495 0.748977 0.541495 0.753070 0.540318 0.755798 0.539141 0.763529 0.536198 0.770350 0.536198 0.772624 0.536786 0.773079 0.536198 0.792178 0.539141 0.799454 0.539141 0.817644 0.537964 0.822192 0.540318 0.825375 0.546792 0.829923 0.549147 0.830377 0.553267 0.829468 0.574456 0.829468 0.575044 0.829923 0.590936 0.829468 0.594467 0.828104 0.599765 0.823101 0.599765 0.819918 0.598587 0.816735 0.599176 0.806730 0.599765 0.806276 0.599765 0.798545 0.597410 0.794452 0.597410 0.789905 0.598587 0.787631 0.598587 0.780809 0.596822 0.777626 0.596822 0.774443 0.597999 0.771714 0.597999 0.766257 0.597410 0.765803 0.597999 0.738063 0.599176 0.735789 0.599176 0.728968 0.604473 0.724875 0.605650 0.722601 0.603296 0.718508
0 0.569747 0.646658 0.561507 0.646203 0.560918 0.646658 0.543849 0.646658 0.543261 0.647112 0.532078 0.647567 0.527369 0.646203 0.515597 0.646203 0.510300 0.648022 0.487934 0.647112 0.486168 0.647567 0.483225 0.649841 0.482048 0.651660 0.482048 0.653024 0.481460 0.653479 0.481460 0.661210 0.482048 0.661664 0.482048 0.675307 0.482637 0.675762 0.482637 0.679854 0.483225 0.680309 0.483225 0.700318 0.482637 0.700773 0.482637 0.703956 0.482048 0.704411 0.482637 0.708049 0.484991 0.711687 0.487346 0.713051 0.492643 0.712597 0.497351 0.710778 0.505592 0.708959 0.508534 0.708959 0.509123 0.708504 0.511477 0.709868 0.512654 0.712142 0.512654 0.724420 0.512066 0.724875 0.511477 0.735334 0.512654 0.737608 0.515597 0.739427 0.517952 0.739427 0.518540 0.739882 0.525603 0.739427 0.536198 0.734879 0.542672 0.730332 0.549735 0.713961 0.551501 0.711232 0.554444 0.708504 0.557387 0.708049 0.562684 0.709868 0.567981 0.709868 0.568570 0.709413 0.571513 0.709413 0.574456 0.706685 0.576810 0.700773 0.575633 0.656207 0.575044 0.655753 0.574456 0.650750 0.572690 0.648022