0 0.355005 0.152695 0.355005 0.184346 0.354400 0.196322 0.355609 0.206587 0.351376 0.212147 0.351073 0.213858 0.353795 0.220701 0.355609 0.231822 0.357726 0.236099 0.372845 0.238238 0.375265 0.241232 0.375567 0.242515 0.374055 0.247220 0.374055 0.256630 0.373450 0.259624 0.374055 0.265184 0.373450 0.278015 0.375265 0.284431 0.376777 0.285714 0.378893 0.285714 0.381917 0.282720 0.383731 0.282293 0.390082 0.285287 0.407318 0.283576 0.410644 0.285287 0.422740 0.286570 0.430602 0.284431 0.440278 0.284859 0.450862 0.284003 0.459933 0.285287 0.461143 0.284859 0.462353 0.282720 0.461748 0.277588 0.465679 0.273311 0.469005 0.272455 0.470517 0.270744 0.470819 0.225406 0.470215 0.208298 0.468400 0.203165 0.464167 0.200599 0.464469 0.194611 0.463562 0.191617 0.463562 0.188623 0.465074 0.184346 0.464167 0.171942 0.456910 0.170659 0.453281 0.171514 0.447838 0.170659 0.439371 0.170659 0.436347 0.171514 0.425461 0.170659 0.417297 0.171514 0.399153 0.170659 0.397944 0.169803 0.396129 0.166382 0.396432 0.154405 0.394315 0.151839 0.363169 0.151411 0.357726 0.150556
0 0.348654 0.220274 0.347747 0.221129 0.347445 0.224123 0.348352 0.227117 0.350166 0.229683 0.350166 0.230967 0.347747 0.234816 0.345933 0.236099 0.342607 0.236527 0.339583 0.237810 0.336861 0.241232 0.334442 0.246364 0.334140 0.251497 0.335047 0.257913 0.335047 0.262190 0.334442 0.265612 0.332628 0.268178 0.327185 0.268178 0.324463 0.267323 0.323556 0.267750 0.322649 0.270317 0.322649 0.287425 0.322347 0.287853 0.322649 0.294696 0.320230 0.299829 0.320532 0.324209 0.321742 0.325492 0.322649 0.325920 0.342304 0.325920 0.342607 0.326347 0.351073 0.326347 0.351376 0.326775 0.352888 0.326775 0.355005 0.325492 0.355912 0.323353 0.356214 0.321215 0.355912 0.298546 0.356517 0.295124 0.358331 0.293413 0.363471 0.292130 0.365588 0.289564 0.366193 0.289564 0.368914 0.291702 0.370124 0.289991 0.370124 0.287425 0.368612 0.281865 0.366495 0.278871 0.364983 0.279299 0.361959 0.282720 0.361355 0.282720 0.360448 0.281437 0.360145 0.280154 0.360448 0.259624 0.361959 0.257485 0.365286 0.257485 0.366495 0.256630 0.367100 0.255346 0.367100 0.254063 0.366798 0.253208 0.365286 0.252352 0.362262 0.251925 0.357121 0.242943 0.354400 0.235244 0.352585 0.225834
0 0.374962 0.295552 0.373753 0.302823 0.373753 0.308383 0.373450 0.308811 0.373753 0.337896 0.373148 0.347305 0.373753 0.349444 0.375869 0.351583 0.376777 0.352010 0.398246 0.351583 0.401572 0.352438 0.412156 0.352010 0.414575 0.350727 0.421530 0.352010 0.426671 0.352010 0.432114 0.351155 0.432718 0.351583 0.450862 0.351583 0.451164 0.351155 0.460236 0.351583 0.469005 0.350299 0.470215 0.348161 0.470517 0.342173 0.469610 0.335329 0.469912 0.295124 0.469610 0.293841 0.468400 0.292558 0.466284 0.292558 0.463865 0.291702 0.438464 0.291702 0.435138 0.292558 0.432114 0.291275 0.416087 0.291275 0.412761 0.290419 0.406411 0.289991 0.403387 0.288708 0.397339 0.288708 0.395222 0.289136 0.391594 0.291275 0.385848 0.292985 0.377684 0.292130 0.375869 0.293413
0 0.371636 0.359281 0.371334 0.364842 0.374055 0.372113 0.374055 0.378101 0.374660 0.381950 0.374660 0.384517 0.374055 0.387938 0.371938 0.391360 0.371031 0.396065 0.371334 0.400770 0.372845 0.402908 0.374357 0.403336 0.377381 0.402481 0.388570 0.402481 0.388872 0.402908 0.396432 0.402908 0.396734 0.402481 0.407620 0.402481 0.407923 0.402908 0.412458 0.402908 0.412761 0.402481 0.419111 0.402481 0.419413 0.402908 0.453583 0.402481 0.453886 0.402908 0.461445 0.403336 0.463562 0.402053 0.464772 0.399487 0.465074 0.397776 0.464772 0.359709 0.463865 0.357571 0.461748 0.356287 0.459026 0.356287 0.458724 0.355860 0.455095 0.355860 0.454793 0.356287 0.450257 0.356287 0.449955 0.355860 0.438464 0.355860 0.438161 0.356287 0.434835 0.356287 0.434533 0.355860 0.425159 0.355860 0.424856 0.356287 0.389174 0.355860 0.388872 0.356287 0.384941 0.356287 0.384639 0.355860 0.377986 0.355860 0.374357 0.354577 0.372543 0.356715
0 0.299365 0.341317 0.299365 0.348589 0.298760 0.352010 0.298760 0.356715 0.299063 0.357143 0.299063 0.388366 0.299365 0.388794 0.299365 0.393499 0.300575 0.395210 0.302691 0.396065 0.308437 0.396065 0.308739 0.395637 0.313880 0.395637 0.314182 0.395210 0.321742 0.395210 0.322044 0.395637 0.342607 0.395637 0.342909 0.396065 0.362564 0.396493 0.362867 0.396065 0.365891 0.395637 0.366798 0.394354 0.370426 0.391788 0.374962 0.387511 0.377381 0.383234 0.377381 0.380240 0.376172 0.378101 0.374055 0.376818 0.372845 0.371685 0.372845 0.370402 0.371334 0.366125 0.367100 0.360137 0.367100 0.339606 0.366495 0.336185 0.365588 0.335329 0.364076 0.335329 0.361959 0.336185 0.358028 0.335757 0.357726 0.335329 0.355609 0.335329 0.355307 0.335757 0.351678 0.335757 0.351376 0.335329 0.347142 0.335329 0.346840 0.335757 0.321742 0.335329 0.321439 0.335757 0.315089 0.335757 0.312670 0.336612 0.302691 0.336612 0.300575 0.337896
0 0.324161 0.399914 0.323858 0.401198 0.324766 0.404192 0.324766 0.406758 0.324463 0.407613 0.322951 0.409752 0.319625 0.412318 0.318718 0.414029 0.319020 0.415312 0.319020 0.419589 0.319323 0.420017 0.319323 0.427288 0.319020 0.427716 0.319323 0.431138 0.321742 0.437126 0.324463 0.440120 0.326580 0.443541 0.328697 0.444825 0.331418 0.444825 0.331721 0.445252 0.334140 0.445252 0.334442 0.444825 0.337466 0.444825 0.337768 0.444397 0.340792 0.443969 0.341095 0.444397 0.343211 0.444825 0.344723 0.446535 0.344421 0.453379 0.343514 0.458084 0.343514 0.467494 0.342909 0.470060 0.342909 0.474765 0.343211 0.475620 0.342909 0.476048 0.342909 0.477759 0.342002 0.480325 0.342002 0.484174 0.342909 0.486313 0.344723 0.488024 0.346235 0.488024 0.346538 0.488452 0.365286 0.488452 0.366193 0.488024 0.367100 0.486741 0.367705 0.484602 0.367705 0.477759 0.367402 0.477331 0.367705 0.455945 0.367402 0.455518 0.367402 0.450813 0.367100 0.450385 0.367100 0.443541 0.367402 0.443114 0.367402 0.439264 0.367100 0.438837 0.367100 0.432849 0.367402 0.432421 0.367100 0.411463 0.367402 0.411035 0.367402 0.404619 0.366495 0.401625 0.365588 0.400342 0.360145 0.400770 0.358331 0.399914 0.351073 0.400342 0.350771 0.399914 0.339583 0.399914 0.339280 0.399487 0.334744 0.399487 0.334442 0.399059 0.325975 0.399059
0 0.296039 0.336185 0.294224 0.333618 0.290596 0.330624 0.288781 0.330624 0.288479 0.330197 0.286967 0.330197 0.286665 0.329769 0.284246 0.329769 0.283943 0.329341 0.282734 0.329341 0.280315 0.330624 0.279407 0.332335 0.279407 0.333618 0.278803 0.335329 0.274871 0.337896 0.273964 0.337896 0.267614 0.334046 0.265497 0.334046 0.263078 0.335329 0.249471 0.335757 0.249168 0.336185 0.245842 0.336612 0.245540 0.337040 0.244633 0.336612 0.240399 0.336612 0.238282 0.337896 0.237375 0.339179 0.236770 0.341317 0.236770 0.366980 0.237073 0.367408 0.237375 0.370830 0.238585 0.372113 0.240097 0.372113 0.240399 0.372541 0.247656 0.372541 0.247959 0.372968 0.251588 0.372968 0.251890 0.373396 0.263683 0.373396 0.265497 0.374252 0.270033 0.374679 0.270940 0.375535 0.273964 0.376818 0.276081 0.380240 0.278500 0.381095 0.280315 0.383234 0.280315 0.389649 0.280919 0.391360 0.286362 0.398631 0.287572 0.397776 0.288177 0.396493 0.290293 0.395210 0.294829 0.394782 0.295736 0.391788 0.295736 0.387938 0.295132 0.385800 0.294829 0.382378 0.295132 0.381950 0.295132 0.379812 0.295434 0.379384 0.295434 0.377246 0.295736 0.376818 0.296039 0.366553 0.296341 0.366125 0.296341 0.363559 0.296946 0.360992 0.296946 0.354577 0.296643 0.354149 0.296946 0.353293 0.296946 0.339179
0 0.231932 0.382806 0.232235 0.389222 0.231327 0.398631 0.231630 0.429427 0.232537 0.432849 0.233444 0.434132 0.236468 0.435843 0.241004 0.441831 0.252797 0.442686 0.257031 0.444397 0.275779 0.444825 0.281826 0.442686 0.312670 0.442258 0.319323 0.440120 0.322347 0.436270 0.322347 0.433704 0.321439 0.430710 0.322044 0.423867 0.322044 0.405047 0.321439 0.399487 0.320230 0.397776 0.315392 0.397348 0.313275 0.396493 0.298155 0.396493 0.296341 0.395637 0.295132 0.393926 0.293922 0.387938 0.293922 0.385372 0.293317 0.383234 0.292410 0.382378 0.290293 0.381523 0.279105 0.381523 0.277593 0.382806 0.278198 0.384517 0.285757 0.386228 0.288177 0.388366 0.288177 0.390077 0.286967 0.393499 0.288177 0.400770 0.287572 0.402053 0.286362 0.402481 0.284850 0.401198 0.283943 0.401198 0.280919 0.398204 0.278500 0.397348 0.274871 0.392216 0.273662 0.388794 0.273662 0.384517 0.273057 0.381523 0.270940 0.376390 0.270033 0.375535 0.266102 0.375535 0.263078 0.376818 0.240399 0.376390 0.236166 0.378101 0.233142 0.380667
0 0.250076 0.446535 0.247052 0.445252 0.233142 0.445252 0.227396 0.446535 0.211067 0.446535 0.204112 0.448246 0.196250 0.446535 0.188691 0.447391 0.174176 0.446535 0.159057 0.447391 0.155125 0.449102 0.154521 0.452096 0.154521 0.513259 0.153614 0.537639 0.154218 0.603935 0.153009 0.615483 0.155125 0.637725 0.156335 0.636869 0.155125 0.628743 0.156637 0.626176 0.158754 0.625321 0.173269 0.624893 0.179317 0.626176 0.205927 0.624893 0.227396 0.625321 0.232235 0.623182 0.236166 0.624038 0.246749 0.623610 0.249773 0.621471 0.250680 0.617194 0.250076 0.613772 0.249471 0.538922 0.251588 0.515398 0.251890 0.502994 0.250680 0.484174 0.251285 0.478614 0.250680 0.461078 0.251285 0.451668 0.250983 0.448246
0 0.371636 0.405475 0.370426 0.407186 0.370124 0.443969 0.368914 0.459367 0.370124 0.500855 0.369217 0.515826 0.369822 0.523952 0.368310 0.530368 0.370124 0.535928 0.370426 0.547476 0.368914 0.599230 0.369217 0.618905 0.370729 0.621044 0.374055 0.622327 0.394617 0.622755 0.397037 0.621471 0.399153 0.616339 0.402480 0.615483 0.403689 0.616767 0.405201 0.621471 0.409435 0.623182 0.461445 0.623182 0.463562 0.621899 0.465981 0.617622 0.464469 0.579127 0.465376 0.576561 0.468703 0.575706 0.470517 0.571856 0.470215 0.539350 0.469308 0.535500 0.471122 0.530368 0.471122 0.505560 0.469912 0.502139 0.467493 0.500000 0.468400 0.499572 0.469912 0.495295 0.469610 0.491446 0.468400 0.488452 0.469610 0.477759 0.468400 0.444397 0.469610 0.435415 0.469005 0.433704 0.465679 0.432421 0.464469 0.429855 0.463260 0.409324 0.461143 0.406758 0.454793 0.406330 0.394013 0.406758
0 0.739341 0.143285 0.728757 0.143285 0.726338 0.144996 0.724826 0.147990 0.715452 0.148417 0.713033 0.147134 0.708195 0.148417 0.699123 0.146279 0.695797 0.146279 0.692470 0.148417 0.687632 0.147562 0.682189 0.147990 0.680375 0.147134 0.679165 0.150984 0.678561 0.159538 0.678561 0.219418 0.679165 0.230111 0.677956 0.235672 0.673118 0.241660 0.672513 0.244226 0.671908 0.251069 0.672210 0.265184 0.672815 0.266039 0.676142 0.266895 0.678863 0.269889 0.680375 0.277160 0.684306 0.276732 0.685213 0.278015 0.684004 0.278871 0.680375 0.278443 0.679770 0.288281 0.680980 0.291702 0.683701 0.293413 0.699728 0.294269 0.703054 0.295124 0.709707 0.295124 0.711823 0.294269 0.725129 0.294696 0.729060 0.293413 0.737829 0.294269 0.739643 0.293413 0.740853 0.291702 0.741458 0.289564 0.741458 0.283148 0.739643 0.278015 0.740853 0.272455 0.740853 0.265612 0.739643 0.260907 0.739946 0.241660 0.741458 0.230539 0.741760 0.189906 0.741155 0.181779 0.741760 0.152695 0.740853 0.145423
0 0.746598 0.156972 0.745993 0.159110 0.746296 0.168092 0.745691 0.171086 0.745389 0.180068 0.745993 0.199316 0.745691 0.204021 0.745993 0.225406 0.747505 0.228828 0.751436 0.231822 0.753855 0.233105 0.755670 0.233105 0.758089 0.232250 0.762927 0.232250 0.774720 0.230111 0.787118 0.230539 0.791049 0.229256 0.825824 0.229683 0.830965 0.228828 0.836105 0.228828 0.837315 0.228400 0.838827 0.226262 0.839129 0.224123 0.837617 0.217707 0.837920 0.214286 0.839431 0.208298 0.839734 0.203165 0.840641 0.201027 0.843665 0.198888 0.844875 0.196322 0.844875 0.193755 0.843363 0.187340 0.838827 0.180924 0.837920 0.178785 0.838222 0.169803 0.836408 0.156116 0.835198 0.153978 0.832779 0.152695 0.826429 0.152267 0.820079 0.152695 0.808890 0.151839 0.796190 0.152267 0.776232 0.151411 0.772301 0.151839 0.754460 0.151411 0.749924 0.152267 0.748715 0.153122
0 0.777442 0.234388 0.775930 0.236527 0.775325 0.239521 0.775325 0.243370 0.776232 0.246792 0.776232 0.252352 0.775023 0.265612 0.775023 0.271600 0.772301 0.276732 0.772604 0.279726 0.774720 0.283148 0.774720 0.287425 0.773511 0.293413 0.773511 0.295552 0.774720 0.298546 0.775325 0.307956 0.775930 0.310522 0.775627 0.324636 0.775930 0.328914 0.776837 0.333191 0.778349 0.334474 0.784094 0.334046 0.787118 0.332763 0.794073 0.332763 0.794376 0.332335 0.803447 0.332763 0.808285 0.334046 0.809495 0.333618 0.822195 0.333618 0.822498 0.333191 0.833384 0.333191 0.836408 0.334474 0.837617 0.334046 0.838827 0.331908 0.839734 0.328914 0.840339 0.320787 0.839734 0.314799 0.839734 0.305389 0.839431 0.304962 0.839431 0.281437 0.838524 0.276305 0.838827 0.275877 0.838524 0.256202 0.838827 0.255774 0.839129 0.241232 0.837617 0.236527 0.836710 0.235672 0.832477 0.235672 0.830360 0.234816 0.819171 0.234816 0.812821 0.233533 0.809797 0.234388 0.805564 0.234388 0.805262 0.233961 0.791049 0.234388 0.790747 0.233961 0.778651 0.233533
0 0.777139 0.336612 0.775930 0.341745 0.775627 0.349444 0.775023 0.352438 0.775023 0.357998 0.775325 0.358426 0.775325 0.362275 0.775627 0.362703 0.775627 0.369119 0.775325 0.369547 0.775325 0.372113 0.774418 0.377246 0.774116 0.383661 0.773208 0.388794 0.773208 0.392216 0.773511 0.392643 0.773813 0.396493 0.775930 0.399914 0.776232 0.401198 0.776232 0.403764 0.775930 0.404192 0.776232 0.406758 0.778651 0.408469 0.781373 0.408041 0.782885 0.407186 0.795888 0.407613 0.796190 0.407186 0.799819 0.406758 0.804354 0.403336 0.807681 0.403764 0.811914 0.402053 0.816752 0.402053 0.817055 0.402481 0.819171 0.402481 0.819474 0.402908 0.826126 0.402908 0.826429 0.403336 0.833988 0.403336 0.834291 0.403764 0.837012 0.403764 0.837617 0.403336 0.838827 0.399914 0.839129 0.393926 0.839431 0.393499 0.839431 0.380667 0.840036 0.378529 0.839734 0.364414 0.840036 0.363986 0.840036 0.360137 0.840339 0.359709 0.840036 0.359281 0.840036 0.355432 0.838524 0.349016 0.838222 0.340462 0.837012 0.337468 0.833686 0.335757 0.820683 0.335329 0.820381 0.334902 0.814938 0.334902 0.814636 0.334474 0.799819 0.334474 0.799516 0.334046 0.794980 0.334046 0.792864 0.334902 0.782280 0.334902 0.781978 0.334474 0.779558 0.334046 0.778651 0.334474
0 0.676142 0.504705 0.675234 0.515826 0.675537 0.530796 0.674932 0.539350 0.674932 0.606929 0.677049 0.612917 0.677956 0.617622 0.679468 0.619760 0.681585 0.620616 0.684911 0.620616 0.690354 0.619333 0.691866 0.618477 0.693075 0.615911 0.695192 0.613772 0.697309 0.613772 0.698821 0.615056 0.700030 0.617194 0.700937 0.621044 0.703054 0.622327 0.725129 0.622327 0.729362 0.616339 0.732083 0.615483 0.740550 0.617622 0.746598 0.616767 0.754460 0.618477 0.758694 0.618477 0.759903 0.617194 0.760508 0.610778 0.758996 0.600941 0.759601 0.591531 0.758996 0.588965 0.759298 0.568862 0.758694 0.566296 0.758694 0.562874 0.759298 0.560736 0.758694 0.544482 0.758996 0.541488 0.760810 0.535500 0.759903 0.533790 0.755972 0.529940 0.753855 0.526091 0.746296 0.523952 0.743877 0.519675 0.741458 0.517536 0.740248 0.513259 0.739643 0.506843 0.735107 0.503849 0.726640 0.503849 0.717569 0.507271 0.712731 0.506843 0.708497 0.503422 0.695797 0.502566 0.691866 0.503422 0.688237 0.502566 0.678863 0.502994
0 0.676142 0.451668 0.675537 0.453807 0.675537 0.455945 0.675839 0.456373 0.676142 0.464927 0.676444 0.465355 0.676444 0.466210 0.677653 0.464500 0.677653 0.460650 0.678561 0.458939 0.684004 0.458084 0.685818 0.459367 0.685818 0.460650 0.684306 0.462789 0.681887 0.463644 0.681585 0.464927 0.683399 0.466638 0.684004 0.466638 0.685213 0.467494 0.686423 0.469204 0.687935 0.474765 0.687935 0.477759 0.688237 0.478186 0.688237 0.483319 0.687935 0.483747 0.687935 0.485030 0.687028 0.488024 0.684306 0.492729 0.684306 0.493584 0.684004 0.494012 0.686423 0.497006 0.688237 0.498289 0.693075 0.498717 0.693378 0.498289 0.705473 0.498289 0.705776 0.497861 0.706683 0.497861 0.706985 0.497434 0.707892 0.497434 0.709404 0.496578 0.711823 0.496578 0.712126 0.496151 0.715755 0.496151 0.716057 0.496578 0.719686 0.496578 0.719988 0.497006 0.723314 0.497006 0.723617 0.497434 0.724826 0.497434 0.725733 0.496151 0.726338 0.487596 0.727548 0.483747 0.727548 0.479897 0.727245 0.479470 0.727245 0.477331 0.726943 0.476903 0.726943 0.467494 0.727245 0.467066 0.727245 0.463216 0.727548 0.462789 0.727548 0.458512 0.728757 0.453807 0.728455 0.452096 0.727548 0.450813 0.725733 0.449530 0.724221 0.449530 0.723919 0.449102 0.714847 0.449102 0.714545 0.448674 0.710614 0.448674 0.710311 0.449102 0.709102 0.449102 0.708799 0.448674 0.706985 0.448674 0.706683 0.448246 0.703054 0.448246 0.702752 0.448674 0.701542 0.448674 0.701240 0.449102 0.699728 0.449102 0.699425 0.448674 0.697611 0.448674 0.697309 0.448246 0.694890 0.448246 0.694587 0.448674 0.690959 0.448674 0.690656 0.449102 0.689447 0.449102 0.687935 0.449957 0.687330 0.449957 0.687028 0.449530 0.680073 0.449530 0.679770 0.449957 0.677653 0.450385
0 0.738131 0.298973 0.734805 0.299829 0.725733 0.300257 0.717266 0.299829 0.713940 0.301112 0.709707 0.299829 0.703961 0.299829 0.699425 0.301112 0.689447 0.300257 0.683096 0.300684 0.681887 0.301540 0.681887 0.302823 0.684306 0.305817 0.683399 0.307528 0.680677 0.308811 0.680073 0.310950 0.679468 0.333191 0.680073 0.342600 0.679165 0.346022 0.674630 0.353721 0.674630 0.360137 0.676444 0.365269 0.676444 0.370402 0.678258 0.375962 0.678561 0.381950 0.676444 0.385800 0.673722 0.387083 0.672210 0.388794 0.672210 0.395637 0.673118 0.399914 0.672815 0.412318 0.673420 0.414029 0.676444 0.416168 0.678258 0.419162 0.678863 0.421728 0.679165 0.435415 0.680375 0.440547 0.683096 0.441831 0.701240 0.441831 0.704264 0.442686 0.714545 0.443114 0.737526 0.442258 0.739643 0.441403 0.740853 0.439692 0.741458 0.437126 0.741458 0.433276 0.740853 0.430710 0.740853 0.422156 0.740248 0.417451 0.742365 0.412746 0.742062 0.402908 0.741458 0.397776 0.738434 0.396493 0.737526 0.394782 0.738434 0.393499 0.741155 0.392643 0.742062 0.389649 0.741760 0.364414 0.742365 0.361848 0.742365 0.355860 0.740248 0.343884 0.740853 0.336612 0.740248 0.329341 0.740550 0.313088 0.739341 0.307100 0.739341 0.301112
0 0.836408 0.483319 0.833686 0.482891 0.828243 0.488024 0.827034 0.495723 0.827034 0.499145 0.825219 0.501283 0.822800 0.500428 0.821288 0.498289 0.819776 0.497434 0.817659 0.494012 0.811914 0.490590 0.802238 0.490590 0.798911 0.491446 0.797097 0.490590 0.787723 0.490590 0.782885 0.489307 0.766556 0.489307 0.765346 0.490163 0.762625 0.500428 0.758996 0.506843 0.760206 0.515826 0.759601 0.524380 0.761113 0.527802 0.763532 0.529512 0.762625 0.534645 0.762625 0.542344 0.763229 0.546193 0.763229 0.573995 0.762625 0.588537 0.763229 0.617194 0.764741 0.621899 0.766556 0.623182 0.792259 0.624038 0.805866 0.623610 0.812821 0.621471 0.817659 0.622755 0.829755 0.622327 0.834593 0.623182 0.836710 0.622327 0.838524 0.618477 0.838827 0.614628 0.838524 0.599230 0.837617 0.592387 0.838222 0.578272 0.837920 0.570573 0.839431 0.565013 0.839431 0.555175 0.838827 0.544055 0.838827 0.523097 0.838222 0.518392 0.838524 0.511121 0.837920 0.506416 0.838222 0.501711 0.837315 0.494440 0.837617 0.489735
0 0.177200 0.112489 0.175990 0.115483 0.174781 0.128743 0.175083 0.301540 0.174176 0.306245 0.176897 0.329341 0.179014 0.331052 0.185364 0.332335 0.208044 0.332763 0.216510 0.331480 0.256426 0.331052 0.266707 0.332335 0.273057 0.328058 0.278198 0.326347 0.307227 0.330197 0.311763 0.328914 0.313880 0.325064 0.313275 0.319076 0.315089 0.309239 0.315694 0.225406 0.314787 0.124465 0.313880 0.114200 0.309949 0.111634 0.302691 0.112489 0.292108 0.110778 0.288177 0.112062 0.282734 0.110778 0.245237 0.111634 0.240399 0.110351 0.237375 0.112062 0.233747 0.110778 0.217720 0.111634 0.198367 0.110778 0.179317 0.111206
0 0.115210 0.442686 0.113093 0.444397 0.111884 0.449957 0.111884 0.455518 0.112489 0.457656 0.112489 0.465355 0.111581 0.472626 0.111884 0.511976 0.110674 0.520958 0.110977 0.542772 0.112489 0.550898 0.111884 0.557314 0.112186 0.578272 0.111581 0.593242 0.111884 0.634731 0.112489 0.636441 0.114303 0.638152 0.120048 0.639863 0.125189 0.639008 0.129725 0.639863 0.146961 0.639863 0.149380 0.636014 0.149682 0.628743 0.147868 0.621899 0.147263 0.613772 0.147263 0.552609 0.146356 0.535928 0.146054 0.445680 0.144542 0.442686 0.142728 0.441831 0.124887 0.441831