0 0.521765 0.350727 0.520859 0.353293 0.520859 0.358426 0.520556 0.358854 0.519952 0.384517 0.520254 0.384944 0.520254 0.390077 0.520556 0.390505 0.520556 0.404619 0.520859 0.405047 0.520859 0.408041 0.521161 0.408469 0.522068 0.414885 0.522975 0.416168 0.524486 0.415312 0.525695 0.415312 0.525998 0.414885 0.528114 0.414885 0.528416 0.414457 0.532950 0.414457 0.533253 0.414029 0.537787 0.414029 0.538089 0.414457 0.545647 0.414457 0.545949 0.414029 0.558343 0.414457 0.558646 0.414029 0.559553 0.414029 0.559855 0.414457 0.560762 0.414457 0.562576 0.415312 0.563180 0.416168 0.564692 0.416168 0.567715 0.414457 0.568622 0.414457 0.570435 0.413601 0.572249 0.411463 0.573156 0.408041 0.573156 0.399487 0.573458 0.399059 0.573458 0.392643 0.573156 0.392216 0.573156 0.372968 0.573458 0.372541 0.573458 0.371257 0.573156 0.370830 0.573156 0.367408 0.572854 0.366980 0.573156 0.354149 0.572249 0.352438 0.570738 0.351583 0.569528 0.351583 0.569226 0.351155 0.563180 0.351583 0.562878 0.351155 0.560762 0.351155 0.560459 0.350727 0.556530 0.350727 0.556227 0.351155 0.530532 0.350727 0.527509 0.349016 0.523579 0.349016 0.522672 0.349444
0 0.576784 0.353721 0.576179 0.357998 0.576784 0.375535 0.576481 0.418306 0.577388 0.421728 0.580713 0.425577 0.577993 0.431138 0.577690 0.437126 0.578597 0.440120 0.578597 0.443114 0.576784 0.446963 0.577086 0.453379 0.579202 0.456373 0.587062 0.457228 0.593712 0.456801 0.600665 0.458084 0.604595 0.456801 0.617896 0.457228 0.627570 0.455945 0.634522 0.449530 0.646917 0.449957 0.649940 0.452096 0.651149 0.453807 0.651149 0.455945 0.649940 0.457228 0.646614 0.457656 0.644498 0.458939 0.643894 0.460222 0.644196 0.461078 0.647521 0.462789 0.649940 0.465355 0.658706 0.464927 0.662636 0.468777 0.664450 0.468777 0.667171 0.467066 0.671705 0.466210 0.673519 0.458512 0.675635 0.454662 0.678658 0.455945 0.683495 0.456373 0.687424 0.455518 0.689843 0.452524 0.690750 0.449530 0.689843 0.420017 0.690750 0.413601 0.690447 0.392643 0.689843 0.390077 0.690447 0.383661 0.690447 0.358854 0.689843 0.353721 0.688634 0.352010 0.680472 0.350727 0.629383 0.350727 0.625453 0.352010 0.622430 0.350299 0.595526 0.350299 0.585248 0.351155 0.581016 0.350299 0.578295 0.351583
0 0.671100 0.443969 0.664752 0.442686 0.662636 0.444397 0.661125 0.465355 0.659311 0.467921 0.657195 0.467066 0.654776 0.463644 0.651451 0.464500 0.647219 0.467921 0.642382 0.468777 0.630593 0.468349 0.626663 0.463644 0.620012 0.464072 0.612757 0.462789 0.600665 0.462789 0.597642 0.466210 0.597037 0.484174 0.597642 0.487596 0.600665 0.494440 0.597642 0.497861 0.597340 0.501711 0.600967 0.503849 0.604897 0.502994 0.605804 0.504277 0.605200 0.506416 0.599456 0.508127 0.597340 0.510265 0.597340 0.517964 0.596433 0.521386 0.596131 0.653122 0.597037 0.659538 0.596131 0.664671 0.597642 0.667665 0.602479 0.668520 0.614268 0.665526 0.620617 0.669376 0.625151 0.670659 0.630290 0.669376 0.685006 0.669803 0.688936 0.668520 0.690750 0.665954 0.691354 0.658255 0.691354 0.524808 0.689238 0.518392 0.690447 0.511976 0.690145 0.494440 0.688331 0.487596 0.689238 0.476903 0.688634 0.470488 0.689541 0.464927 0.687424 0.461078 0.682588 0.461506 0.678960 0.460222 0.675030 0.461506 0.673216 0.458084 0.673519 0.451240 0.672310 0.445252
0 0.520254 0.518392 0.518742 0.520530 0.518138 0.522669 0.518742 0.529085 0.518742 0.557742 0.518138 0.566296 0.518742 0.575706 0.518138 0.585115 0.518440 0.628315 0.517836 0.634303 0.517836 0.653550 0.518440 0.665526 0.519952 0.667665 0.522672 0.668948 0.534462 0.668092 0.542926 0.669376 0.553204 0.668948 0.560459 0.669803 0.562878 0.668948 0.581318 0.669376 0.590085 0.668948 0.593108 0.668092 0.594619 0.664671 0.594015 0.539778 0.593410 0.537639 0.592201 0.535928 0.585852 0.535073 0.580411 0.535073 0.577086 0.536356 0.571644 0.535928 0.566808 0.533362 0.560157 0.532079 0.557437 0.529940 0.554716 0.523952 0.553204 0.522241 0.543229 0.518392 0.531137 0.518392 0.528416 0.517536 0.521765 0.517536
0 0.514813 0.520103 0.513301 0.519675 0.504837 0.521814 0.501511 0.527802 0.498186 0.524380 0.496977 0.518820 0.491838 0.517109 0.480351 0.517964 0.476421 0.520103 0.455562 0.520103 0.451632 0.521814 0.451028 0.523524 0.451330 0.547904 0.450423 0.551326 0.450423 0.662532 0.451028 0.665954 0.452539 0.668092 0.454655 0.668948 0.463120 0.669803 0.480653 0.668948 0.490024 0.669803 0.506651 0.669803 0.513301 0.668520 0.515719 0.666809 0.516324 0.665526 0.516626 0.541061 0.516022 0.536356 0.516022 0.524808
0 0.522068 0.414457 0.522068 0.414885 0.521161 0.417023 0.521161 0.427288 0.520859 0.427716 0.520859 0.451668 0.520556 0.452096 0.520556 0.452951 0.520859 0.453379 0.520859 0.455090 0.521161 0.455518 0.521463 0.456801 0.522068 0.457656 0.522672 0.457656 0.522975 0.458084 0.524788 0.458084 0.525091 0.458512 0.542926 0.458512 0.543229 0.458084 0.543833 0.458084 0.544135 0.457656 0.544438 0.457656 0.544438 0.457228 0.545042 0.455945 0.545042 0.454234 0.545345 0.453807 0.545345 0.451668 0.545042 0.451240 0.545042 0.438409 0.544740 0.437981 0.544740 0.420873 0.545042 0.420445 0.545042 0.419589 0.544740 0.419162 0.544740 0.417451 0.544438 0.417023 0.544438 0.416595 0.543833 0.415740 0.543531 0.415740 0.542624 0.414885 0.540508 0.414885 0.540206 0.414457 0.536880 0.414457 0.536578 0.414885 0.533555 0.414885 0.533253 0.414457 0.527509 0.414457 0.527207 0.414029 0.522672 0.414029 0.522370 0.414457
0 0.594015 0.468777 0.593108 0.465783 0.589480 0.462361 0.588271 0.461933 0.583736 0.462789 0.580109 0.461506 0.577086 0.461506 0.574365 0.459367 0.573761 0.456373 0.574063 0.444825 0.573156 0.438837 0.573156 0.434559 0.574365 0.429427 0.572854 0.425150 0.570738 0.421300 0.570133 0.418306 0.568622 0.416595 0.567110 0.416595 0.564692 0.418306 0.564389 0.419589 0.564692 0.421728 0.567412 0.428144 0.566808 0.431565 0.564994 0.434559 0.560157 0.439692 0.555018 0.441403 0.552297 0.445680 0.548065 0.458084 0.546856 0.459367 0.531137 0.459795 0.527509 0.458512 0.522370 0.458512 0.519952 0.460222 0.516324 0.466638 0.515115 0.471343 0.513906 0.473054 0.510580 0.473909 0.507255 0.472626 0.498489 0.467066 0.496675 0.467066 0.495163 0.468349 0.494256 0.470488 0.494861 0.476476 0.494559 0.483319 0.493349 0.491873 0.492745 0.493157 0.492745 0.504705 0.493349 0.510693 0.494559 0.512831 0.496372 0.514115 0.502418 0.515826 0.509371 0.515826 0.514813 0.514970 0.518138 0.516253 0.528416 0.516681 0.544438 0.515398 0.557739 0.517109 0.567110 0.514115 0.570435 0.515398 0.591294 0.515398 0.593410 0.513687 0.594317 0.510693 0.594619 0.489735
0 0.450725 0.289564 0.450725 0.294269 0.450423 0.294696 0.450423 0.298973 0.450121 0.299401 0.450121 0.301967 0.450423 0.302395 0.450423 0.304962 0.450725 0.305389 0.450725 0.320359 0.451632 0.323353 0.453446 0.325064 0.455865 0.325492 0.456167 0.325920 0.459794 0.325920 0.460097 0.325492 0.461306 0.325492 0.461608 0.325920 0.464631 0.325920 0.464934 0.325492 0.469468 0.324209 0.471282 0.322498 0.472491 0.320359 0.473398 0.320359 0.474909 0.322070 0.475514 0.322070 0.476421 0.322926 0.479141 0.322926 0.479444 0.322498 0.480653 0.322498 0.480955 0.322070 0.487606 0.322070 0.489722 0.323781 0.490326 0.323781 0.492140 0.322498 0.493047 0.321215 0.494861 0.323353 0.496977 0.323781 0.497279 0.324209 0.497884 0.323781 0.499698 0.323781 0.500000 0.323353 0.504232 0.323353 0.505744 0.324209 0.510580 0.323781 0.510883 0.324209 0.512999 0.324636 0.513906 0.325492 0.514813 0.323353 0.515115 0.319932 0.515417 0.319504 0.515417 0.315227 0.515115 0.314799 0.515115 0.310522 0.514813 0.310094 0.514813 0.305389 0.515417 0.303251 0.515417 0.298546 0.515115 0.298118 0.515115 0.295552 0.514813 0.295124 0.514813 0.289136 0.513906 0.288281 0.510580 0.292558 0.509976 0.292558 0.509674 0.292985 0.509069 0.292558 0.505744 0.292130 0.504232 0.291275 0.503023 0.291275 0.500605 0.289564 0.500000 0.289564 0.499093 0.288708 0.498186 0.288708 0.497884 0.288281 0.496070 0.288281 0.495768 0.287853 0.490024 0.287853 0.489722 0.287425 0.488210 0.287425 0.486699 0.286570 0.483676 0.286570 0.483374 0.286142 0.480653 0.286142 0.480351 0.286570 0.478839 0.286570 0.478537 0.286997 0.477328 0.286997 0.477025 0.287425 0.474002 0.287425 0.473700 0.287853 0.470677 0.287425 0.470375 0.286997 0.461911 0.286997 0.461608 0.287425 0.458585 0.287425 0.458283 0.286997 0.452237 0.286997 0.451330 0.287853
0 0.451935 0.327203 0.450121 0.330624 0.449516 0.334474 0.449516 0.349872 0.450121 0.352010 0.450121 0.355432 0.449214 0.363131 0.449214 0.395210 0.450725 0.406758 0.449516 0.412746 0.449819 0.426861 0.449214 0.433276 0.449214 0.447391 0.450423 0.453807 0.452539 0.455945 0.468863 0.455518 0.471282 0.454234 0.472491 0.452096 0.473700 0.452096 0.476723 0.455090 0.480048 0.455518 0.514510 0.455518 0.515719 0.454662 0.516626 0.452951 0.517231 0.449957 0.518138 0.435415 0.518138 0.422583 0.517533 0.420017 0.517533 0.405902 0.516929 0.401625 0.516929 0.394782 0.517836 0.384944 0.517836 0.350727 0.517231 0.348161 0.517836 0.340890 0.516626 0.336612 0.516929 0.330197 0.515719 0.326775 0.514208 0.324636 0.508162 0.325492 0.488815 0.325492 0.484885 0.324636 0.481862 0.322498 0.477932 0.322498 0.469468 0.324636 0.468259 0.325920 0.465236 0.327203
0 0.438634 0.351583 0.436215 0.350299 0.435308 0.350299 0.435006 0.349872 0.432285 0.349872 0.431983 0.349444 0.431681 0.349872 0.430169 0.349872 0.429867 0.350299 0.427751 0.350727 0.427449 0.351155 0.426239 0.351155 0.425937 0.350727 0.420496 0.350727 0.420193 0.351155 0.418077 0.351155 0.417775 0.350727 0.411125 0.350727 0.410822 0.350299 0.398428 0.350727 0.396614 0.352866 0.396010 0.355004 0.396010 0.372113 0.396312 0.372541 0.396312 0.376818 0.396614 0.377246 0.396614 0.384089 0.396312 0.384517 0.396312 0.392643 0.396010 0.393071 0.396010 0.397348 0.395707 0.397776 0.395707 0.408896 0.396010 0.409324 0.396010 0.411891 0.397521 0.414457 0.398126 0.414885 0.401149 0.414885 0.401451 0.415312 0.403567 0.415312 0.403869 0.414885 0.418380 0.414885 0.418682 0.415312 0.418984 0.414885 0.421705 0.414885 0.422007 0.414457 0.431076 0.414457 0.431378 0.414885 0.436215 0.414885 0.436518 0.414457 0.438029 0.414029 0.439541 0.412318 0.440145 0.410607 0.440145 0.405047 0.439843 0.404619 0.439843 0.402053 0.440145 0.401625 0.440145 0.400770 0.441657 0.399059 0.442261 0.397348 0.442261 0.395637 0.442563 0.395210 0.442563 0.386655 0.442261 0.386228 0.442261 0.383661 0.441959 0.383234 0.441959 0.369547 0.441657 0.369119 0.441959 0.357998 0.440447 0.354149
0 0.334946 0.351583 0.333736 0.353293 0.333434 0.354577 0.333434 0.411891 0.333132 0.412318 0.333434 0.434987 0.333132 0.435415 0.333132 0.441403 0.334341 0.446535 0.337666 0.451240 0.338875 0.455518 0.340085 0.457228 0.342805 0.458084 0.379988 0.458512 0.380290 0.458084 0.389964 0.458084 0.393591 0.456801 0.394196 0.455090 0.394196 0.450385 0.390871 0.439264 0.389964 0.431993 0.389359 0.431138 0.386336 0.430282 0.385429 0.427288 0.385429 0.424294 0.386941 0.422583 0.390871 0.420873 0.393289 0.417023 0.394800 0.413174 0.394498 0.406330 0.394800 0.405902 0.395103 0.369119 0.394800 0.368691 0.394800 0.353293 0.394498 0.352438 0.393591 0.351583 0.390871 0.350727 0.384825 0.350727 0.384522 0.350299 0.369710 0.350727 0.369408 0.351155 0.358827 0.350727 0.358525 0.350299 0.352177 0.351155 0.344619 0.351155 0.340085 0.350299 0.336759 0.350727
0 0.278114 0.351155 0.276904 0.353721 0.276904 0.357143 0.276602 0.357571 0.276904 0.374679 0.277207 0.375107 0.277207 0.381950 0.276904 0.382378 0.277207 0.383661 0.277207 0.391788 0.276904 0.392216 0.276904 0.400342 0.277207 0.400770 0.276904 0.401198 0.276904 0.410607 0.277207 0.411035 0.276904 0.448246 0.277509 0.452951 0.278114 0.454662 0.279625 0.455945 0.281741 0.455945 0.282044 0.456373 0.287485 0.456373 0.291112 0.455518 0.292019 0.455945 0.300181 0.455945 0.302902 0.455090 0.307437 0.455518 0.309855 0.456373 0.312878 0.456373 0.316203 0.454662 0.317412 0.452096 0.320435 0.448674 0.331923 0.447819 0.332830 0.446108 0.332527 0.434132 0.332225 0.433704 0.332225 0.425577 0.332527 0.425150 0.332225 0.356715 0.332527 0.354149 0.331923 0.352438 0.328295 0.350727 0.322249 0.351155 0.321947 0.351583 0.318319 0.351583 0.318017 0.351155 0.304414 0.351155 0.302297 0.351583 0.301995 0.351155 0.298065 0.351155 0.295647 0.350299 0.290206 0.350299 0.288392 0.351155 0.279927 0.351155 0.279625 0.350727
0 0.280834 0.286997 0.241838 0.284431 0.217050 0.285714 0.208888 0.288281 0.208585 0.291275 0.212817 0.295124 0.213724 0.299829 0.217050 0.301967 0.220073 0.307100 0.216747 0.329769 0.216445 0.348161 0.212213 0.351155 0.179867 0.350299 0.176239 0.353293 0.176239 0.624893 0.176844 0.631737 0.178658 0.635586 0.202237 0.637297 0.270556 0.637297 0.272975 0.634731 0.274788 0.583405 0.273579 0.571001 0.274184 0.553892 0.273277 0.539778 0.274788 0.531223 0.273881 0.523097 0.274788 0.510693 0.271463 0.502139 0.265417 0.499572 0.265115 0.494440 0.268440 0.490590 0.275695 0.467066 0.273881 0.403336 0.275393 0.395210 0.273881 0.388794 0.274788 0.351155 0.278114 0.345595 0.283253 0.349016 0.288392 0.348161 0.289903 0.336612 0.288996 0.320359 0.283857 0.311377 0.283857 0.305817 0.285671 0.300257 0.282950 0.289136
0 0.279323 0.458512 0.277509 0.462361 0.277509 0.471343 0.276602 0.479470 0.277207 0.488024 0.276904 0.501711 0.277509 0.504277 0.276904 0.582549 0.278114 0.588537 0.279021 0.589820 0.282044 0.588537 0.329807 0.588537 0.339782 0.586826 0.345526 0.588109 0.349154 0.585543 0.360641 0.588537 0.365478 0.588109 0.366989 0.583832 0.366989 0.580838 0.366082 0.577417 0.366989 0.569290 0.366989 0.552609 0.368501 0.548332 0.368198 0.510693 0.368803 0.507271 0.370012 0.505133 0.373942 0.501711 0.376663 0.501711 0.377872 0.500855 0.378174 0.494012 0.379383 0.489307 0.378174 0.482891 0.377267 0.482891 0.376058 0.484602 0.373337 0.485030 0.369105 0.482464 0.370314 0.464927 0.367594 0.460650 0.364873 0.459367 0.340085 0.459795 0.332527 0.465355 0.320738 0.465783 0.318319 0.464072 0.316203 0.460650 0.314692 0.460222 0.312576 0.461078 0.312576 0.464927 0.310762 0.467066 0.308646 0.464927 0.308041 0.462789 0.306227 0.464500 0.303809 0.464927 0.296856 0.459795 0.291415 0.458084
0 0.366989 0.592387 0.365478 0.590248 0.356106 0.590248 0.352177 0.589393 0.338573 0.589393 0.338271 0.589820 0.331318 0.589393 0.322249 0.590248 0.313785 0.589820 0.303809 0.590676 0.298670 0.589820 0.279323 0.590676 0.278114 0.592387 0.277509 0.595381 0.277207 0.610351 0.277509 0.629170 0.276904 0.635586 0.276904 0.662104 0.276602 0.662532 0.276904 0.666382 0.277509 0.668092 0.278718 0.669376 0.282044 0.670231 0.298065 0.670231 0.298368 0.669803 0.327993 0.670231 0.332527 0.668948 0.363059 0.669803 0.367291 0.668520 0.368501 0.665954 0.367896 0.641574 0.367896 0.597947
0 0.373035 0.547904 0.371524 0.550043 0.370617 0.553892 0.370012 0.567151 0.370617 0.575278 0.370012 0.591531 0.370617 0.599658 0.370012 0.652695 0.370919 0.665526 0.373942 0.668520 0.386336 0.668092 0.391173 0.669803 0.405079 0.668948 0.432285 0.669376 0.437122 0.668092 0.440447 0.665954 0.443470 0.666809 0.445586 0.665526 0.446493 0.662960 0.446493 0.657399 0.445586 0.651411 0.445284 0.621471 0.444377 0.618477 0.443470 0.617622 0.441354 0.622327 0.440750 0.629170 0.440145 0.629170 0.438936 0.620616 0.438936 0.606929 0.439843 0.599658 0.437424 0.595808 0.436820 0.592387 0.439843 0.581694 0.438936 0.569718 0.439843 0.565868 0.440750 0.565441 0.441354 0.568862 0.440750 0.583405 0.441657 0.591531 0.441657 0.596236 0.440750 0.600086 0.443470 0.609068 0.444377 0.606929 0.444680 0.599658 0.445889 0.593670 0.445284 0.571856 0.445586 0.564585 0.447098 0.559453 0.447098 0.552609 0.446493 0.550898 0.444680 0.549187 0.438936 0.549615 0.436820 0.548332
0 0.284160 0.677074 0.284160 0.680924 0.283857 0.681352 0.283857 0.715997 0.283555 0.716424 0.284462 0.720274 0.285973 0.721557 0.288694 0.722412 0.325272 0.722412 0.327388 0.723268 0.328900 0.723268 0.331016 0.722412 0.340992 0.722412 0.341294 0.722840 0.366385 0.722840 0.366687 0.723268 0.369710 0.723268 0.370012 0.723696 0.370314 0.723268 0.372430 0.723268 0.373640 0.722412 0.373942 0.721129 0.373942 0.707442 0.374244 0.707015 0.373640 0.687340 0.373942 0.686912 0.374244 0.680496 0.373640 0.677502 0.371221 0.675364 0.366385 0.674936 0.366082 0.674508 0.364571 0.674936 0.350665 0.674936 0.350363 0.674508 0.335550 0.674936 0.332527 0.673653 0.295949 0.674080 0.295647 0.674508 0.287787 0.674080 0.285067 0.675364