0 0.459631 0.249786 0.458119 0.248503 0.445116 0.248931 0.442697 0.249786 0.440581 0.251497 0.437254 0.249786 0.426671 0.249786 0.426368 0.250214 0.406411 0.249786 0.403992 0.251497 0.402480 0.255774 0.401875 0.255346 0.401875 0.253636 0.401270 0.251925 0.400060 0.250214 0.398246 0.249786 0.396432 0.253208 0.395827 0.259624 0.394013 0.267750 0.392803 0.278443 0.391594 0.284431 0.391291 0.289991 0.389477 0.298118 0.387663 0.312660 0.386453 0.318221 0.386755 0.324636 0.389174 0.326347 0.396129 0.326347 0.396432 0.326775 0.401875 0.326775 0.402177 0.326347 0.430904 0.326775 0.436347 0.325920 0.439673 0.327203 0.445116 0.327203 0.449350 0.326347 0.451769 0.325064 0.452979 0.325064 0.456002 0.326775 0.460538 0.326775 0.460841 0.326347 0.469610 0.326775 0.471424 0.324636 0.471727 0.322498 0.471727 0.305817 0.471122 0.303251 0.471424 0.293841 0.470215 0.290419 0.468400 0.288708 0.466284 0.289991 0.461143 0.289991 0.460236 0.288281 0.460236 0.252780
0 0.472936 0.249786 0.472029 0.251925 0.472331 0.266895 0.472936 0.269461 0.472936 0.278443 0.472634 0.278871 0.472936 0.298118 0.472634 0.298546 0.472634 0.301967 0.472936 0.302395 0.472936 0.304962 0.473239 0.305389 0.473239 0.307528 0.472634 0.310522 0.472634 0.324636 0.473843 0.326347 0.476565 0.327630 0.479589 0.327630 0.479891 0.327203 0.482613 0.327203 0.482915 0.327630 0.502873 0.327630 0.506804 0.325064 0.507106 0.325492 0.509828 0.325920 0.513456 0.327630 0.516178 0.327630 0.518899 0.326347 0.519806 0.324636 0.519806 0.315227 0.520109 0.314799 0.520109 0.312233 0.519806 0.311805 0.519806 0.309239 0.519504 0.308811 0.519504 0.304534 0.519806 0.304106 0.519806 0.280582 0.520109 0.280154 0.520109 0.273738 0.519806 0.273311 0.519806 0.249786 0.519504 0.248931 0.518597 0.248075 0.517387 0.248075 0.517085 0.247648 0.513456 0.247648 0.509828 0.249358 0.505292 0.249786 0.504989 0.249358 0.504082 0.249358 0.501361 0.248075 0.500151 0.248075 0.499849 0.247648 0.495918 0.247648 0.495615 0.248075 0.492894 0.248503 0.489870 0.250214 0.487451 0.250214 0.487148 0.249786 0.480194 0.250214 0.479891 0.249786 0.477170 0.249786 0.476867 0.249358 0.473541 0.249358
0 0.548836 0.366553 0.548533 0.365697 0.547626 0.364842 0.545207 0.364414 0.544905 0.363986 0.537043 0.363986 0.536740 0.364414 0.528576 0.364414 0.528273 0.363986 0.524342 0.363986 0.524040 0.364414 0.503477 0.364414 0.503175 0.364842 0.493499 0.364842 0.493196 0.365269 0.488056 0.365269 0.487753 0.365697 0.486544 0.365697 0.485334 0.366553 0.483520 0.366980 0.482915 0.367408 0.481705 0.369547 0.481705 0.371685 0.482310 0.372968 0.482915 0.375535 0.482915 0.377673 0.483217 0.378101 0.483217 0.404192 0.483520 0.405475 0.485637 0.408041 0.486846 0.408041 0.487148 0.407613 0.490172 0.407613 0.490475 0.407186 0.492591 0.407186 0.492894 0.406758 0.495313 0.406758 0.495615 0.407186 0.500454 0.407186 0.500756 0.406758 0.515875 0.406758 0.516178 0.406330 0.520411 0.406330 0.520714 0.406758 0.524947 0.406758 0.525249 0.407186 0.531600 0.407186 0.534321 0.405475 0.536135 0.405475 0.537345 0.406330 0.538857 0.406330 0.539159 0.406758 0.547021 0.406330 0.547929 0.404619 0.547929 0.402908 0.548231 0.402481 0.548231 0.397348 0.548533 0.396920 0.548533 0.376818 0.548836 0.376390 0.548836 0.372968 0.549138 0.372541 0.549138 0.368691 0.548836 0.368263
0 0.432718 0.371685 0.432416 0.372541 0.432416 0.399059 0.432718 0.399487 0.432416 0.426861 0.432718 0.427288 0.432718 0.429855 0.433626 0.431138 0.434835 0.431993 0.442395 0.431993 0.442697 0.431565 0.444512 0.431565 0.444814 0.431993 0.446931 0.431993 0.447233 0.432421 0.450862 0.432421 0.451164 0.431993 0.459933 0.431993 0.460236 0.431565 0.461748 0.431565 0.462050 0.431993 0.466284 0.431993 0.466586 0.431565 0.475658 0.431993 0.475960 0.431565 0.476565 0.431565 0.477472 0.430282 0.477774 0.429427 0.477774 0.424722 0.478077 0.424294 0.477774 0.423867 0.477774 0.402053 0.478077 0.401625 0.478077 0.399914 0.477774 0.399487 0.477774 0.390932 0.478077 0.390505 0.477774 0.381523 0.478077 0.381095 0.478077 0.375535 0.477774 0.375107 0.477774 0.373824 0.476867 0.371685 0.476262 0.371685 0.475960 0.371257 0.474448 0.371257 0.474146 0.370830 0.461445 0.370830 0.461143 0.370402 0.460236 0.370402 0.459933 0.370830 0.454793 0.370830 0.454490 0.370402 0.440278 0.370402 0.439976 0.369974 0.435138 0.369974
0 0.386151 0.328914 0.384941 0.330624 0.384034 0.334474 0.384034 0.342173 0.384639 0.347305 0.384034 0.348589 0.382220 0.349872 0.380708 0.352438 0.378893 0.359709 0.378893 0.363559 0.378288 0.367408 0.377381 0.369974 0.375265 0.385800 0.374055 0.391788 0.373753 0.396065 0.372241 0.402908 0.371031 0.412318 0.369217 0.419589 0.369217 0.422156 0.368914 0.422583 0.369217 0.426861 0.370124 0.428144 0.374660 0.428144 0.378288 0.427288 0.386453 0.431993 0.396734 0.432421 0.397037 0.432849 0.410644 0.432421 0.414575 0.431138 0.418809 0.427716 0.422437 0.428999 0.424554 0.428999 0.426671 0.427716 0.427880 0.424722 0.427880 0.402481 0.427578 0.402053 0.427578 0.399059 0.427880 0.398631 0.427880 0.378529 0.427578 0.378101 0.427578 0.372968 0.427275 0.372541 0.427275 0.363559 0.427880 0.360565 0.428183 0.335329 0.427578 0.332335 0.426368 0.330624 0.424554 0.329769 0.420018 0.329769 0.419716 0.330197 0.415482 0.329769 0.412761 0.330624 0.410342 0.332763 0.407318 0.333618 0.405503 0.330624 0.403084 0.329341
0 0.557000 0.417451 0.557000 0.489307 0.557605 0.495723 0.558210 0.497861 0.559419 0.499572 0.563048 0.500855 0.567282 0.501283 0.568491 0.502139 0.582703 0.502566 0.590565 0.500855 0.600242 0.500428 0.644088 0.500855 0.647112 0.500000 0.652858 0.500000 0.659208 0.500855 0.661627 0.497434 0.662232 0.493584 0.661627 0.489307 0.661022 0.463216 0.661325 0.442686 0.661929 0.439692 0.661929 0.434132 0.661325 0.431565 0.661627 0.418734 0.660115 0.415740 0.657393 0.415740 0.655881 0.416595 0.651346 0.415740 0.641972 0.415740 0.635621 0.416595 0.628666 0.416168 0.622316 0.417451 0.618083 0.417451 0.614757 0.415740 0.609918 0.414885 0.562141 0.414885 0.558815 0.415740
0 0.483217 0.415740 0.482310 0.417879 0.481403 0.423011 0.481403 0.426005 0.482008 0.431138 0.482915 0.434559 0.482915 0.437553 0.482008 0.442686 0.481705 0.453379 0.480496 0.457228 0.479891 0.465783 0.480798 0.470488 0.480798 0.473482 0.481403 0.476903 0.481101 0.488452 0.482613 0.493157 0.482613 0.500855 0.484125 0.503849 0.485637 0.504705 0.488358 0.503849 0.496825 0.503849 0.497127 0.504277 0.515573 0.503849 0.520411 0.502139 0.522830 0.499572 0.525854 0.500000 0.530692 0.502139 0.541578 0.502566 0.546719 0.500428 0.547626 0.499145 0.548533 0.492729 0.548533 0.479470 0.548231 0.479042 0.548231 0.473054 0.547929 0.472626 0.548231 0.465355 0.548533 0.464927 0.548533 0.457228 0.548231 0.456801 0.548533 0.435415 0.548231 0.434987 0.548231 0.421300 0.547929 0.420873 0.547929 0.417879 0.547021 0.416168 0.545207 0.415312 0.539159 0.414885 0.535833 0.416595 0.534321 0.416595 0.533112 0.415740 0.528273 0.414457 0.519806 0.414457 0.519504 0.414885 0.511037 0.414885 0.507711 0.414029 0.496523 0.414457 0.496220 0.414029 0.489870 0.414029 0.487451 0.413174 0.485032 0.413174
0 0.484729 0.570573 0.483217 0.572712 0.481101 0.582121 0.480798 0.588109 0.481403 0.593670 0.482008 0.595381 0.484427 0.598802 0.484729 0.600513 0.482915 0.605646 0.480798 0.609068 0.479589 0.616339 0.479891 0.629170 0.479286 0.633020 0.479589 0.650984 0.480496 0.654405 0.483217 0.657827 0.483520 0.659110 0.483217 0.664243 0.484125 0.668948 0.485939 0.671086 0.488963 0.671942 0.498337 0.671942 0.505594 0.673653 0.510735 0.674080 0.513759 0.675364 0.518597 0.675791 0.522226 0.677502 0.527669 0.678358 0.530995 0.679641 0.541578 0.680924 0.547324 0.682635 0.552767 0.682207 0.553674 0.680924 0.554279 0.677074 0.553976 0.575706 0.553372 0.573567 0.552162 0.571856 0.547929 0.570573 0.538555 0.571001 0.536438 0.571856 0.534321 0.571856 0.531902 0.570573 0.527971 0.571001 0.520109 0.570573 0.492591 0.571001 0.490475 0.570145
0 0.664348 0.568007 0.662836 0.567579 0.651648 0.570573 0.624433 0.570145 0.622921 0.571001 0.616571 0.571001 0.610221 0.574423 0.596613 0.574850 0.594496 0.576561 0.593287 0.581266 0.593892 0.603507 0.593287 0.607784 0.593589 0.624465 0.592985 0.629170 0.592985 0.687767 0.593892 0.689478 0.596311 0.691189 0.602056 0.691189 0.612035 0.693755 0.618688 0.694183 0.633505 0.697177 0.638343 0.697605 0.643484 0.696322 0.646205 0.698460 0.654067 0.700599 0.652555 0.701882 0.652253 0.704448 0.654672 0.707442 0.659208 0.707870 0.662836 0.710436 0.663744 0.710436 0.664651 0.709153 0.665860 0.703165 0.667070 0.700171 0.667070 0.698032 0.665860 0.693328 0.666465 0.686912 0.665256 0.684773 0.663744 0.683918 0.662836 0.681779 0.666767 0.677930 0.667070 0.674936 0.665860 0.670231 0.666465 0.663387 0.664348 0.658255 0.666465 0.654405 0.666465 0.651411 0.664651 0.647990 0.664348 0.645423 0.665558 0.642002 0.664651 0.634303 0.666163 0.626176 0.666163 0.614628 0.665558 0.611206 0.666767 0.606929 0.666465 0.591959 0.665860 0.589393 0.666163 0.573139 0.665860 0.570573
0 0.661325 0.505133 0.660417 0.503849 0.659510 0.503422 0.655881 0.502994 0.655579 0.502566 0.629574 0.502994 0.629271 0.503422 0.624735 0.503849 0.622921 0.504705 0.621107 0.504705 0.618990 0.503849 0.601451 0.503849 0.599335 0.502994 0.596008 0.502994 0.592682 0.504705 0.591775 0.506843 0.591775 0.508982 0.591473 0.509410 0.591473 0.526946 0.591775 0.527374 0.591775 0.531223 0.592077 0.531651 0.592077 0.561591 0.591775 0.562019 0.591775 0.569290 0.592380 0.572284 0.593287 0.573567 0.595706 0.573567 0.596008 0.573139 0.600242 0.573139 0.602963 0.572284 0.611430 0.571429 0.614152 0.570573 0.618385 0.570573 0.622316 0.569290 0.631086 0.569290 0.631388 0.568862 0.644088 0.569290 0.645903 0.570145 0.648624 0.570145 0.651346 0.569290 0.654974 0.569290 0.660115 0.567151 0.661325 0.565441 0.661929 0.563730 0.662534 0.559880 0.664348 0.553037 0.662836 0.547476 0.662836 0.544910 0.663744 0.538494 0.663744 0.532506 0.663139 0.529940 0.663139 0.526518 0.662836 0.524380 0.661627 0.522241 0.660720 0.518392 0.660720 0.510265 0.661325 0.507699
0 0.562746 0.252352 0.560327 0.258768 0.560024 0.266895 0.558210 0.272027 0.558815 0.278015 0.557907 0.282720 0.557907 0.290847 0.556698 0.300684 0.553372 0.307100 0.553976 0.311377 0.556698 0.318648 0.555791 0.323781 0.559117 0.334902 0.558210 0.346878 0.559722 0.349444 0.564560 0.351155 0.568491 0.350299 0.581191 0.350727 0.583611 0.349872 0.658905 0.350727 0.660720 0.349016 0.661325 0.346878 0.661325 0.306245 0.659813 0.300684 0.660115 0.295124 0.658603 0.286142 0.658603 0.282720 0.660115 0.278015 0.659208 0.276305 0.655277 0.274166 0.646205 0.274166 0.642274 0.275877 0.634412 0.274594 0.625340 0.275877 0.622921 0.272455 0.623526 0.266467 0.622921 0.259624 0.624131 0.255346 0.624131 0.253208 0.623223 0.251069 0.619595 0.248503 0.605685 0.248075 0.601149 0.248931 0.597823 0.253208 0.600242 0.259624 0.600242 0.263901 0.599335 0.268178 0.599335 0.277160 0.598730 0.278871 0.596613 0.280582 0.594194 0.277588 0.595101 0.270744 0.594496 0.268606 0.592682 0.267323 0.591775 0.269889 0.592380 0.278015 0.590565 0.282293 0.588449 0.284859 0.580587 0.284859 0.578772 0.284003 0.576051 0.280582 0.571817 0.280154 0.569701 0.278015 0.569701 0.276305 0.570608 0.275021 0.576051 0.272027 0.573934 0.270317 0.570305 0.269461 0.567886 0.265612 0.567886 0.260051 0.570910 0.255774 0.570910 0.252352 0.568491 0.249786 0.564560 0.250214
0 0.527366 0.508127 0.526157 0.508982 0.525249 0.511121 0.525854 0.518820 0.524645 0.522669 0.525552 0.529512 0.521016 0.535073 0.521318 0.536784 0.523737 0.539778 0.524947 0.545338 0.524342 0.552609 0.522830 0.557742 0.523133 0.559880 0.525854 0.562447 0.530390 0.564157 0.531297 0.565441 0.531297 0.571856 0.532809 0.576561 0.534624 0.579127 0.537345 0.578272 0.539764 0.573995 0.542183 0.573567 0.549441 0.567151 0.552162 0.567579 0.553372 0.570573 0.553069 0.578700 0.553976 0.588109 0.554884 0.627459 0.553976 0.642857 0.554279 0.665526 0.553372 0.668948 0.553674 0.680068 0.554581 0.681352 0.564560 0.686056 0.585727 0.689050 0.589961 0.689050 0.592077 0.687767 0.592077 0.668520 0.591473 0.661677 0.591775 0.646279 0.591170 0.639435 0.591775 0.620188 0.591170 0.603935 0.592985 0.592814 0.592985 0.579555 0.590868 0.571429 0.591170 0.554320 0.592077 0.548332 0.592077 0.535073 0.589961 0.529940 0.591170 0.524380 0.590263 0.517964 0.591170 0.511121 0.590263 0.508127 0.586634 0.505133 0.579982 0.505133 0.577260 0.504277 0.550348 0.504705 0.544602 0.505560 0.535833 0.508554