0 0.660417 0.088109 0.660115 0.089393 0.660417 0.102652 0.662232 0.106929 0.662232 0.109495 0.660720 0.114628 0.660417 0.119760 0.660115 0.120188 0.660115 0.145423 0.661022 0.148845 0.662836 0.150984 0.667977 0.150984 0.669187 0.151839 0.670699 0.151839 0.671001 0.152267 0.676444 0.152267 0.678561 0.150984 0.680677 0.150556 0.682794 0.151411 0.684608 0.153122 0.687632 0.154405 0.695192 0.153978 0.695494 0.154405 0.698518 0.154833 0.699728 0.155689 0.704264 0.152267 0.718174 0.152267 0.718476 0.152695 0.721802 0.153122 0.725431 0.151839 0.726338 0.148845 0.726036 0.139863 0.725733 0.139435 0.726036 0.118050 0.725733 0.117622 0.725733 0.109495 0.725431 0.109068 0.725733 0.105646 0.726036 0.105218 0.726036 0.090676 0.725431 0.088109 0.724524 0.086826 0.723314 0.086399 0.714243 0.086399 0.713940 0.086826 0.712428 0.086826 0.710009 0.085971 0.702147 0.085971 0.701845 0.086399 0.680677 0.085971 0.680375 0.086399 0.670699 0.086826 0.669187 0.085971 0.664046 0.085971 0.661627 0.086826
0 0.729967 0.079127 0.728152 0.084260 0.727548 0.100086 0.727548 0.140291 0.727850 0.147990 0.728757 0.150128 0.730269 0.150984 0.733898 0.150984 0.738131 0.155261 0.740853 0.156544 0.742365 0.156544 0.745691 0.154405 0.750529 0.154833 0.755065 0.153122 0.760508 0.153978 0.762020 0.155689 0.762322 0.157399 0.762020 0.171514 0.762625 0.172370 0.763834 0.172370 0.765649 0.171086 0.767463 0.171086 0.771092 0.172797 0.775930 0.173225 0.779861 0.170231 0.781373 0.169803 0.791049 0.170659 0.794678 0.165098 0.796190 0.164243 0.800726 0.164671 0.804354 0.166809 0.807681 0.166809 0.809193 0.165954 0.810402 0.164243 0.811914 0.160821 0.811612 0.159110 0.809193 0.153550 0.807983 0.152267 0.805866 0.155261 0.804959 0.161249 0.803750 0.162532 0.803145 0.162104 0.802238 0.154405 0.798609 0.147990 0.799214 0.143285 0.796190 0.137297 0.796190 0.131737 0.794678 0.127459 0.794073 0.123182 0.794073 0.118050 0.795283 0.113772 0.794376 0.108212 0.794376 0.094525 0.796190 0.089820 0.793468 0.084260 0.793166 0.079127 0.792259 0.077844 0.778651 0.077844 0.776232 0.076989 0.761718 0.077417 0.759601 0.076561 0.741458 0.077417 0.738434 0.078700 0.735410 0.077417 0.732688 0.077417
0 0.797702 0.086399 0.796795 0.088965 0.798004 0.100941 0.797097 0.106929 0.797097 0.115483 0.797702 0.119760 0.797097 0.128743 0.797399 0.136441 0.799214 0.140291 0.800423 0.141574 0.804052 0.142429 0.806169 0.144140 0.808890 0.149273 0.806169 0.153122 0.804959 0.156972 0.804959 0.159538 0.803447 0.162104 0.798609 0.162104 0.796190 0.160821 0.795283 0.162104 0.794376 0.165098 0.794980 0.166382 0.804959 0.168092 0.808890 0.168092 0.811007 0.166809 0.812821 0.164243 0.813124 0.165098 0.815845 0.165954 0.820079 0.172370 0.822195 0.172370 0.825219 0.171086 0.827336 0.171942 0.833384 0.171086 0.836408 0.172370 0.842455 0.172370 0.845782 0.171514 0.848806 0.172370 0.855156 0.172370 0.858180 0.173225 0.863925 0.171514 0.873904 0.171942 0.874811 0.171086 0.875416 0.168092 0.875416 0.159966 0.874811 0.153550 0.873904 0.149701 0.873904 0.146707 0.874509 0.143713 0.874509 0.137725 0.875718 0.133020 0.876021 0.127459 0.876021 0.094098 0.876625 0.091959 0.876625 0.088965 0.875113 0.086399 0.873299 0.085543 0.803447 0.085543 0.801028 0.084688 0.799516 0.084688
0 0.507106 0.078700 0.505292 0.087254 0.504687 0.209153 0.506501 0.248503 0.505897 0.284431 0.506804 0.289136 0.505594 0.296835 0.506501 0.301967 0.509828 0.301540 0.513456 0.298118 0.521318 0.297690 0.636226 0.298118 0.643181 0.295552 0.643786 0.293413 0.642576 0.289991 0.641367 0.267323 0.642576 0.248503 0.641064 0.241232 0.643181 0.236527 0.650136 0.230539 0.651648 0.208298 0.651648 0.172370 0.652858 0.167665 0.653160 0.147134 0.654672 0.137297 0.652555 0.131737 0.653160 0.113772 0.650438 0.108212 0.651950 0.101369 0.651950 0.084260 0.650741 0.079983 0.646205 0.081266 0.642274 0.079127 0.638948 0.081266 0.631993 0.081694 0.626550 0.079983 0.622619 0.081694 0.612640 0.081694 0.610523 0.080411 0.606290 0.081694 0.596311 0.081694 0.593589 0.080411 0.587239 0.081694 0.579982 0.081266 0.575748 0.079555 0.572120 0.081266 0.558815 0.080411 0.554581 0.081694 0.546719 0.081266 0.544602 0.079983 0.530390 0.081266 0.527366 0.079127 0.521923 0.080838 0.518597 0.078700 0.515271 0.079983 0.511037 0.077844
0 0.789840 0.261762 0.788933 0.264328 0.788933 0.266039 0.791352 0.268178 0.793468 0.269033 0.795283 0.272027 0.795888 0.277588 0.798609 0.280582 0.801331 0.281865 0.801633 0.283576 0.800423 0.285714 0.796492 0.288708 0.790445 0.289991 0.788933 0.291275 0.787723 0.299829 0.788025 0.318221 0.787118 0.324636 0.787723 0.327203 0.789235 0.329341 0.791049 0.330624 0.792561 0.330624 0.795585 0.328914 0.809193 0.329341 0.811914 0.327630 0.816450 0.330197 0.824312 0.331052 0.826731 0.329769 0.828243 0.327630 0.829453 0.327203 0.831872 0.329769 0.838524 0.328914 0.840641 0.329769 0.855156 0.329341 0.857877 0.330197 0.866647 0.330197 0.870275 0.326347 0.874811 0.327630 0.877230 0.325492 0.877835 0.322926 0.877835 0.319076 0.876928 0.314799 0.876928 0.305389 0.876021 0.301967 0.876021 0.299829 0.876928 0.298118 0.877835 0.292130 0.878137 0.271600 0.878440 0.269461 0.879952 0.266039 0.878742 0.265612 0.875416 0.261762 0.872090 0.260479 0.860901 0.260479 0.852737 0.261334 0.831267 0.260479 0.810100 0.260479 0.807076 0.261334 0.803750 0.260479 0.800121 0.260479 0.795283 0.262618 0.792259 0.260051 0.791049 0.260051
0 0.787723 0.330624 0.787118 0.334046 0.786816 0.350299 0.787118 0.360565 0.788025 0.363986 0.788025 0.367836 0.787421 0.370402 0.787723 0.377246 0.786514 0.385372 0.786211 0.402053 0.787723 0.405047 0.791049 0.405902 0.795585 0.404192 0.825824 0.404619 0.832174 0.403764 0.833384 0.404192 0.837012 0.410180 0.840641 0.412318 0.859087 0.412746 0.862111 0.410607 0.863623 0.405047 0.865135 0.403336 0.866949 0.403336 0.869670 0.405047 0.871787 0.405047 0.876625 0.403764 0.879952 0.400342 0.880859 0.396493 0.881464 0.388794 0.879649 0.384089 0.880254 0.376818 0.878742 0.372541 0.876928 0.355432 0.877230 0.353293 0.879649 0.347305 0.879952 0.342173 0.877532 0.334046 0.875113 0.332763 0.832174 0.333191 0.828848 0.334046 0.826429 0.331908 0.824010 0.331052 0.811612 0.331480 0.809193 0.330624 0.789840 0.329769
0 0.755670 0.155261 0.753553 0.154833 0.749924 0.157399 0.745086 0.157399 0.741458 0.156544 0.733898 0.152695 0.724524 0.152695 0.721500 0.153550 0.701240 0.153978 0.696099 0.153122 0.669791 0.154405 0.662836 0.153978 0.660720 0.156544 0.659510 0.159966 0.659510 0.165098 0.657091 0.171086 0.657696 0.200171 0.657091 0.251497 0.657696 0.290419 0.658905 0.293841 0.668279 0.294269 0.672210 0.292985 0.674932 0.295552 0.675537 0.300257 0.676746 0.302395 0.683399 0.303251 0.692470 0.302395 0.694890 0.300257 0.697006 0.294696 0.700635 0.294269 0.702449 0.292130 0.703054 0.289564 0.702752 0.282293 0.703659 0.278015 0.703054 0.260051 0.703961 0.254491 0.703961 0.213430 0.705171 0.211719 0.708799 0.211719 0.710614 0.212575 0.713335 0.215997 0.717569 0.215997 0.721500 0.217280 0.725129 0.216852 0.730269 0.218135 0.732688 0.216852 0.734503 0.213003 0.737224 0.209581 0.740248 0.209581 0.745389 0.211292 0.754158 0.211719 0.755972 0.210864 0.757182 0.209153 0.757787 0.206587 0.758089 0.189050 0.757484 0.185629 0.757484 0.177502 0.758391 0.173653 0.758996 0.164671
0 0.712428 0.218991 0.710614 0.221557 0.709707 0.226689 0.710311 0.237810 0.709404 0.243370 0.710009 0.247648 0.708799 0.251925 0.709404 0.258340 0.708799 0.279299 0.709404 0.284859 0.708497 0.290419 0.710009 0.295552 0.709102 0.336612 0.710614 0.341317 0.709707 0.347305 0.710311 0.367836 0.709404 0.381095 0.709707 0.390505 0.709102 0.392643 0.710009 0.399487 0.710009 0.408041 0.712428 0.411463 0.715452 0.412746 0.754158 0.412746 0.761415 0.411463 0.765951 0.409324 0.774418 0.411463 0.782885 0.411035 0.785304 0.403764 0.789537 0.399487 0.791352 0.395210 0.790142 0.389649 0.790747 0.382378 0.785001 0.367408 0.784699 0.340034 0.785606 0.319932 0.784397 0.306672 0.785304 0.303251 0.785304 0.295124 0.787421 0.290419 0.791049 0.288281 0.794980 0.287853 0.795888 0.278015 0.798004 0.272883 0.796795 0.267323 0.794980 0.264756 0.791352 0.262618 0.788025 0.263045 0.785909 0.260907 0.785909 0.253636 0.788025 0.247220 0.792561 0.245509 0.798911 0.241232 0.804354 0.245509 0.805564 0.242943 0.804354 0.238666 0.802842 0.237382 0.799819 0.240804 0.798911 0.240376 0.799214 0.231394 0.796190 0.224123 0.792561 0.225834 0.788328 0.225406 0.780768 0.219418 0.778047 0.219418 0.774418 0.222412 0.770487 0.220274 0.766858 0.220701 0.763532 0.218991 0.759298 0.220274 0.754763 0.219418 0.741458 0.220274 0.737224 0.218563 0.723617 0.219418 0.718476 0.217707
0 0.758089 0.174936 0.756879 0.184346 0.758089 0.189478 0.757787 0.195038 0.758694 0.207870 0.759903 0.210436 0.761718 0.211719 0.767161 0.211292 0.770184 0.212147 0.775325 0.211292 0.791352 0.211719 0.792864 0.213430 0.788328 0.215997 0.779256 0.216852 0.777442 0.218135 0.779256 0.220274 0.783490 0.221557 0.786211 0.225834 0.791049 0.227973 0.793468 0.230967 0.793166 0.242087 0.791654 0.245081 0.787723 0.247220 0.788328 0.249358 0.795283 0.251925 0.805564 0.252352 0.808890 0.251069 0.812519 0.254063 0.815845 0.254063 0.819776 0.256202 0.862715 0.256202 0.866344 0.257485 0.878440 0.258340 0.880859 0.256202 0.882673 0.249786 0.882371 0.245937 0.880556 0.242087 0.882976 0.232678 0.882976 0.225406 0.881464 0.219418 0.882673 0.214286 0.882673 0.209153 0.882068 0.206587 0.879044 0.208298 0.877835 0.205731 0.876928 0.195466 0.877230 0.178358 0.874811 0.175791 0.871182 0.175364 0.865135 0.176219 0.829755 0.174936 0.819776 0.175791 0.797702 0.174936 0.795283 0.174080 0.791654 0.174080 0.788328 0.175364 0.782582 0.174508 0.768672 0.175791 0.760206 0.174508 0.758996 0.173653
0 0.480496 0.523952 0.478682 0.521814 0.472634 0.520958 0.469912 0.522241 0.467796 0.522241 0.465679 0.521386 0.461748 0.522241 0.458422 0.521814 0.456305 0.519247 0.455095 0.514542 0.453886 0.512831 0.449047 0.510693 0.446628 0.511976 0.445116 0.514115 0.443000 0.519675 0.439673 0.521814 0.434835 0.521814 0.428485 0.520103 0.423647 0.520103 0.423344 0.519675 0.411854 0.519675 0.411551 0.520103 0.407620 0.520103 0.404294 0.519247 0.401270 0.519675 0.399456 0.521814 0.398851 0.523524 0.398851 0.531651 0.398549 0.532079 0.398851 0.542772 0.398246 0.552609 0.398246 0.564157 0.397641 0.568007 0.397944 0.572712 0.399153 0.574850 0.401270 0.575706 0.429090 0.575278 0.431509 0.574423 0.436045 0.574423 0.439069 0.573139 0.440581 0.573139 0.443000 0.576989 0.443604 0.582977 0.447536 0.593670 0.455398 0.600941 0.456305 0.601369 0.458119 0.600941 0.459631 0.599230 0.460236 0.594953 0.460236 0.588109 0.458422 0.583405 0.458422 0.580838 0.459329 0.577417 0.460538 0.575278 0.463562 0.573567 0.475355 0.574423 0.477472 0.573995 0.479286 0.571856 0.479286 0.550898 0.478682 0.545766 0.479286 0.539778 0.480496 0.534645
0 0.325068 0.511121 0.320532 0.510265 0.312670 0.511548 0.308134 0.511548 0.305110 0.513259 0.301784 0.517964 0.299970 0.519247 0.292712 0.516681 0.281826 0.517109 0.279710 0.517964 0.266405 0.517964 0.263078 0.519675 0.260962 0.523097 0.260962 0.544910 0.261869 0.568435 0.261264 0.585971 0.261264 0.646279 0.261869 0.647990 0.270638 0.648845 0.321742 0.648845 0.327790 0.648417 0.329604 0.646707 0.329302 0.633875 0.327790 0.629170 0.328092 0.622755 0.328999 0.618905 0.328999 0.614628 0.328394 0.612062 0.328697 0.601369 0.328092 0.597519 0.328092 0.563302 0.327487 0.559880 0.328394 0.549187 0.328394 0.530796 0.326882 0.523524 0.326278 0.514115
0 0.393408 0.522669 0.386755 0.520103 0.381615 0.520530 0.375567 0.519675 0.357726 0.519675 0.352585 0.518820 0.344723 0.519675 0.335954 0.519247 0.333535 0.520530 0.330511 0.523524 0.330209 0.529940 0.330813 0.535500 0.329906 0.539778 0.329906 0.545766 0.330813 0.553037 0.330813 0.559453 0.329906 0.563730 0.329906 0.578272 0.330511 0.582549 0.328999 0.586399 0.328697 0.588965 0.331116 0.593242 0.331116 0.594953 0.328999 0.597091 0.328394 0.599658 0.328999 0.609923 0.328092 0.615911 0.328092 0.621899 0.328697 0.625321 0.331116 0.628743 0.330209 0.633020 0.330511 0.644996 0.331418 0.646707 0.332930 0.647990 0.336861 0.648845 0.365286 0.648845 0.369822 0.646707 0.370729 0.644568 0.370729 0.621044 0.370124 0.612917 0.371031 0.607357 0.375265 0.599658 0.375265 0.597519 0.374055 0.594525 0.374055 0.588965 0.374962 0.587682 0.377381 0.585971 0.378591 0.586826 0.379498 0.591103 0.379800 0.599658 0.381917 0.603935 0.391291 0.604790 0.393710 0.602224 0.394315 0.600513 0.394315 0.581694 0.393710 0.575278 0.394617 0.571856 0.395222 0.561591 0.395525 0.529940 0.394920 0.525235
0 0.485334 0.845595 0.485032 0.839607 0.482613 0.834902 0.483520 0.828058 0.480496 0.823353 0.483822 0.816510 0.482310 0.805817 0.480194 0.800684 0.482613 0.793841 0.482310 0.781009 0.480496 0.777160 0.482008 0.771172 0.482310 0.759196 0.480194 0.753636 0.481403 0.737810 0.485334 0.733961 0.486846 0.723268 0.486846 0.704448 0.480798 0.698032 0.479589 0.688623 0.480798 0.676647 0.480194 0.653122 0.480798 0.646279 0.482915 0.642429 0.482310 0.640291 0.477774 0.640291 0.472331 0.636014 0.469610 0.641574 0.465376 0.639435 0.458724 0.648417 0.437557 0.650556 0.423344 0.647562 0.419716 0.650128 0.405503 0.648417 0.359238 0.651839 0.319625 0.652267 0.284246 0.650128 0.271848 0.651839 0.264288 0.649273 0.260659 0.651411 0.259147 0.663815 0.259752 0.670231 0.256728 0.675791 0.259147 0.681352 0.257333 0.687767 0.259752 0.692472 0.259147 0.699316 0.260962 0.703593 0.260357 0.707870 0.257938 0.710864 0.260054 0.716424 0.259450 0.722412 0.262474 0.724979 0.267917 0.722412 0.269428 0.712147 0.264590 0.707442 0.263985 0.702737 0.265497 0.693755 0.271243 0.689478 0.275174 0.693328 0.276081 0.704876 0.274267 0.712575 0.278198 0.741660 0.290898 0.736527 0.295132 0.730539 0.298760 0.734816 0.302691 0.728828 0.306925 0.732678 0.311158 0.730967 0.312368 0.732678 0.312972 0.753636 0.311158 0.757485 0.308134 0.755346 0.307227 0.757057 0.308134 0.763045 0.311158 0.762618 0.311461 0.764756 0.308134 0.763901 0.307227 0.767750 0.306018 0.818221 0.307227 0.838751 0.312368 0.842173 0.315089 0.850727 0.342607 0.849016 0.349562 0.844311 0.355005 0.848589 0.370729 0.848161 0.377079 0.845167 0.381312 0.846878 0.397339 0.846878 0.403084 0.841745 0.411854 0.843028 0.419413 0.847305 0.432416 0.845167 0.440581 0.849016 0.464469 0.850299 0.468400 0.840462 0.475658 0.844311 0.482613 0.843456
0 0.481101 0.577417 0.479286 0.576133 0.460538 0.576989 0.458119 0.582121 0.460538 0.585543 0.461445 0.588109 0.462050 0.591959 0.461445 0.596236 0.460236 0.598375 0.457514 0.600513 0.449350 0.602224 0.447838 0.601796 0.445721 0.599230 0.444814 0.595381 0.443000 0.592814 0.441790 0.581694 0.440883 0.578700 0.439371 0.576989 0.401270 0.576989 0.394315 0.578272 0.385848 0.581266 0.384336 0.582549 0.384639 0.584260 0.385848 0.585115 0.391896 0.585543 0.394920 0.588109 0.394920 0.599230 0.392501 0.603507 0.390686 0.604363 0.379800 0.604790 0.376172 0.603935 0.374055 0.604363 0.371938 0.607784 0.370426 0.612062 0.370729 0.646279 0.371636 0.647990 0.373450 0.649273 0.382522 0.649701 0.395827 0.648845 0.406411 0.650128 0.412458 0.649273 0.449350 0.650984 0.451467 0.649701 0.452979 0.646707 0.457514 0.646279 0.458422 0.644140 0.459026 0.638152 0.460236 0.636014 0.461748 0.636441 0.465074 0.640291 0.466888 0.637297 0.468400 0.630881 0.474146 0.632592 0.476262 0.635158 0.477774 0.640291 0.479891 0.642429 0.481705 0.642857 0.485032 0.641146 0.485939 0.639863 0.486846 0.636014 0.487451 0.628743 0.487148 0.624465 0.486241 0.621899 0.481101 0.617194 0.481101 0.612917 0.482613 0.607357