0 0.351180 0.479247 0.348760 0.477535 0.326074 0.477535 0.297036 0.479247 0.295523 0.480103 0.293708 0.483526 0.294313 0.501070 0.293406 0.504493 0.291591 0.506632 0.289171 0.505777 0.285541 0.501926 0.281004 0.493368 0.281609 0.482670 0.280097 0.480103 0.278282 0.479247 0.272535 0.482242 0.265578 0.481386 0.263763 0.482670 0.263158 0.485237 0.263763 0.507916 0.263158 0.566538 0.264670 0.572101 0.261645 0.586650 0.261645 0.590501 0.262553 0.594352 0.265880 0.600342 0.265578 0.605477 0.267090 0.610184 0.268905 0.611468 0.275862 0.610612 0.278282 0.611468 0.298851 0.611040 0.302480 0.611896 0.312462 0.611896 0.314580 0.611040 0.336661 0.611468 0.342408 0.610612 0.347852 0.612751 0.349970 0.612751 0.352087 0.610184 0.352995 0.607189 0.352390 0.576380 0.353297 0.564827 0.353600 0.528027 0.353297 0.516474 0.352692 0.513907 0.352995 0.503209 0.352390 0.482242
0 0.303388 0.426615 0.302178 0.425332 0.300363 0.425332 0.300060 0.424904 0.298548 0.424904 0.298246 0.425332 0.291289 0.425332 0.290986 0.424904 0.288869 0.424904 0.288566 0.424476 0.284936 0.424476 0.284634 0.424904 0.283122 0.424904 0.282819 0.425332 0.282214 0.425332 0.281609 0.426187 0.280399 0.426615 0.280097 0.427043 0.279492 0.427043 0.279189 0.427471 0.273745 0.427471 0.273442 0.427899 0.265275 0.427899 0.264973 0.428327 0.264368 0.428327 0.264065 0.428755 0.262855 0.429183 0.261948 0.430466 0.261948 0.432606 0.262250 0.433034 0.262250 0.437741 0.262553 0.438169 0.262553 0.442020 0.262855 0.442448 0.262855 0.444159 0.263158 0.444587 0.263158 0.446299 0.263460 0.446727 0.263460 0.448438 0.263763 0.448866 0.263763 0.451006 0.264065 0.451433 0.264065 0.455712 0.263763 0.456140 0.263763 0.458280 0.263460 0.458708 0.263460 0.460419 0.263158 0.460847 0.263158 0.462559 0.262855 0.462987 0.262855 0.464698 0.262553 0.465126 0.262553 0.468549 0.262250 0.468977 0.262553 0.471545 0.263460 0.472828 0.264670 0.473256 0.264973 0.473684 0.265578 0.473684 0.265880 0.474112 0.275257 0.474112 0.275560 0.473684 0.277072 0.473684 0.277374 0.473256 0.279189 0.473256 0.281004 0.474540 0.281912 0.474540 0.282214 0.474968 0.284332 0.474968 0.284634 0.475396 0.291289 0.475396 0.291591 0.474968 0.295221 0.474540 0.295523 0.474112 0.296431 0.474112 0.296733 0.473684 0.298246 0.473684 0.298548 0.473256 0.300665 0.473256 0.300968 0.472828 0.301875 0.472828 0.302178 0.472401 0.303388 0.471973 0.303993 0.471117 0.303993 0.470261 0.304295 0.469833 0.304295 0.465982 0.304598 0.465554 0.304598 0.464698 0.304295 0.464270 0.304295 0.455712 0.304598 0.455285 0.304295 0.444587 0.304598 0.444159 0.304598 0.439452 0.304295 0.439024 0.304295 0.431322 0.303993 0.430894 0.303993 0.428755 0.303690 0.428327
0 0.205687 0.430039 0.205687 0.431750 0.205989 0.432178 0.205989 0.437741 0.204477 0.442875 0.204477 0.446299 0.204174 0.446727 0.204174 0.450150 0.203872 0.450578 0.203872 0.454429 0.204779 0.458280 0.204477 0.465982 0.205082 0.467694 0.206897 0.469833 0.208711 0.470261 0.209014 0.470689 0.211131 0.470689 0.211434 0.470261 0.215971 0.470261 0.217786 0.469405 0.219298 0.467266 0.219903 0.465126 0.219601 0.464270 0.219601 0.461703 0.219298 0.461275 0.219298 0.458280 0.220508 0.456996 0.221113 0.457424 0.222928 0.460419 0.222626 0.469405 0.223533 0.471117 0.224743 0.472401 0.226255 0.473256 0.228978 0.473684 0.229280 0.474112 0.230490 0.474112 0.232305 0.474968 0.236842 0.474968 0.239564 0.476252 0.241077 0.477535 0.244102 0.477535 0.244404 0.477107 0.255898 0.477535 0.258318 0.476252 0.261041 0.472401 0.261343 0.471117 0.261343 0.466410 0.261041 0.465982 0.261041 0.461275 0.260738 0.460847 0.260436 0.430894 0.259528 0.429183 0.258318 0.428327 0.249849 0.428327 0.249546 0.427899 0.244707 0.427899 0.244404 0.427471 0.238355 0.427471 0.238052 0.427899 0.235330 0.427899 0.235027 0.427471 0.223533 0.427899 0.221718 0.427043 0.219601 0.427043 0.219298 0.427471 0.215668 0.427899 0.215366 0.427471 0.213551 0.427471 0.213249 0.427043 0.210526 0.427043 0.210224 0.427471 0.208106 0.427471 0.206292 0.428755
0 0.257713 0.481386 0.248941 0.480958 0.246824 0.481814 0.237750 0.481814 0.233817 0.483954 0.231700 0.483954 0.230188 0.483098 0.223533 0.483954 0.221718 0.483098 0.209921 0.482670 0.205687 0.483954 0.203872 0.486093 0.203267 0.488233 0.203267 0.501926 0.203872 0.509628 0.203267 0.519897 0.203872 0.528883 0.205082 0.534446 0.204174 0.541720 0.203872 0.572529 0.204779 0.580659 0.203872 0.602910 0.204477 0.606761 0.207804 0.609756 0.212039 0.611468 0.215064 0.611040 0.215668 0.609756 0.214459 0.605905 0.214156 0.599914 0.215366 0.597347 0.217483 0.595208 0.220811 0.598203 0.222928 0.601198 0.225348 0.605905 0.226860 0.610612 0.228675 0.612751 0.237750 0.612751 0.240774 0.611468 0.245009 0.612323 0.247429 0.610612 0.249849 0.606761 0.250151 0.603765 0.249546 0.601198 0.250454 0.599487 0.258016 0.597347 0.260436 0.596063 0.261343 0.594780 0.263158 0.588361 0.262553 0.583226 0.262855 0.575952 0.261343 0.571673 0.261343 0.569106 0.262553 0.566110 0.262553 0.563543 0.261645 0.559264 0.262250 0.543432 0.262250 0.516474 0.261343 0.506632 0.260133 0.503637 0.259528 0.500214 0.259831 0.487805 0.259226 0.483954
0 0.199335 0.482242 0.196007 0.480958 0.174531 0.481814 0.170296 0.483098 0.166364 0.483098 0.163339 0.481814 0.154870 0.483098 0.149425 0.483098 0.147913 0.482242 0.140956 0.482670 0.138838 0.481814 0.131881 0.482670 0.130369 0.483954 0.130067 0.489944 0.131276 0.493368 0.131579 0.496363 0.130974 0.500214 0.130974 0.507060 0.130067 0.510484 0.130067 0.514335 0.130672 0.517330 0.130369 0.526316 0.130974 0.528883 0.130672 0.541720 0.130067 0.545143 0.130067 0.548567 0.130672 0.551134 0.130067 0.560548 0.133394 0.572101 0.132789 0.578092 0.132789 0.607617 0.133696 0.613179 0.134906 0.615319 0.138234 0.617030 0.153962 0.615747 0.158197 0.617030 0.166062 0.616175 0.169389 0.613179 0.174834 0.611040 0.182698 0.612751 0.188748 0.612751 0.191470 0.611468 0.196310 0.611468 0.200544 0.612751 0.202662 0.611040 0.202964 0.600770 0.202359 0.592640 0.202057 0.551562 0.201452 0.547283 0.201452 0.531023 0.200847 0.525460 0.201754 0.488661 0.200847 0.484382
0 0.136116 0.622593 0.135511 0.643988 0.136419 0.659820 0.135209 0.715019 0.135511 0.738554 0.137326 0.741549 0.179673 0.740693 0.183606 0.738554 0.192075 0.741121 0.204779 0.740265 0.207199 0.738982 0.279189 0.738554 0.281609 0.737270 0.345433 0.738554 0.352692 0.735558 0.352995 0.659392 0.351785 0.652546 0.351785 0.621737 0.349365 0.615747 0.281912 0.615747 0.255898 0.617030 0.253479 0.620454 0.254688 0.643560 0.253176 0.646555 0.250151 0.647839 0.239867 0.646983 0.236842 0.639709 0.224743 0.624733 0.222928 0.618742 0.221113 0.617458 0.212341 0.616602 0.204477 0.619170 0.188143 0.620026 0.174531 0.615747 0.167574 0.620026 0.143073 0.620026 0.137931 0.620881
0 0.526316 0.476680 0.526013 0.489516 0.526316 0.501926 0.526921 0.505777 0.526618 0.513051 0.527526 0.517330 0.526618 0.545571 0.527828 0.562259 0.527223 0.571245 0.527223 0.582371 0.530248 0.587933 0.530248 0.590073 0.528433 0.595635 0.528736 0.601626 0.529643 0.602910 0.531458 0.603765 0.537508 0.603765 0.539322 0.603338 0.542045 0.601198 0.542650 0.599914 0.543557 0.599914 0.545675 0.603338 0.547792 0.604621 0.555354 0.604621 0.560194 0.603338 0.563218 0.604193 0.584997 0.603765 0.593164 0.602482 0.594676 0.599487 0.595281 0.587933 0.595281 0.555841 0.594071 0.512195 0.594374 0.505777 0.592559 0.495079 0.593466 0.485665 0.592861 0.478391 0.589232 0.475824 0.585904 0.476680 0.571385 0.475824 0.568058 0.477107 0.561101 0.475824 0.555051 0.475824 0.550817 0.477107 0.547187 0.475824 0.531760 0.475396 0.527828 0.475824
0 0.651240 0.475396 0.648820 0.474540 0.637931 0.473684 0.633696 0.474968 0.628857 0.475396 0.622202 0.477535 0.614338 0.477107 0.607078 0.477963 0.600121 0.477963 0.597701 0.479675 0.597096 0.480958 0.596794 0.488661 0.598004 0.493368 0.598306 0.500642 0.597096 0.510911 0.597701 0.538297 0.597096 0.543004 0.597399 0.580231 0.596794 0.585794 0.597096 0.592212 0.596794 0.599914 0.598911 0.603765 0.600121 0.604621 0.609498 0.603765 0.612825 0.605049 0.627344 0.605049 0.627647 0.605477 0.642771 0.605049 0.644888 0.602910 0.645796 0.595208 0.647005 0.593068 0.651845 0.592212 0.653358 0.591356 0.654870 0.588789 0.654870 0.577664 0.654265 0.571245 0.654567 0.553273 0.654265 0.552846 0.654265 0.534446 0.653660 0.530167 0.654265 0.523748 0.653660 0.518186 0.653660 0.505777 0.653055 0.497647 0.653358 0.486949 0.652450 0.477963
0 0.729885 0.540009 0.728675 0.538725 0.725650 0.537441 0.722928 0.537441 0.722626 0.537869 0.703569 0.537441 0.703267 0.537869 0.687235 0.537869 0.684815 0.538725 0.680883 0.538725 0.679673 0.538297 0.679371 0.538725 0.676951 0.538725 0.676649 0.539153 0.669087 0.539153 0.668784 0.538725 0.666969 0.538725 0.664549 0.539581 0.662734 0.540864 0.662129 0.542148 0.662129 0.544715 0.662432 0.545143 0.662432 0.550278 0.662734 0.550706 0.663037 0.577664 0.663339 0.578092 0.663339 0.581087 0.663642 0.581515 0.663642 0.583654 0.663339 0.584082 0.663339 0.601198 0.664549 0.603338 0.665759 0.604193 0.669691 0.604193 0.671809 0.603338 0.672716 0.603765 0.677556 0.603765 0.677858 0.603338 0.703569 0.603338 0.703872 0.602910 0.705989 0.602910 0.706292 0.603338 0.717483 0.603338 0.717786 0.602910 0.726558 0.602910 0.729583 0.601626 0.730792 0.599914 0.730792 0.593496 0.730490 0.593068 0.730490 0.585366 0.730792 0.584938 0.730792 0.579375 0.730490 0.578947 0.730490 0.548567 0.730792 0.548139 0.730792 0.545571 0.730490 0.545143 0.730490 0.541292
0 0.746219 0.470689 0.745312 0.470261 0.745009 0.470689 0.744102 0.470689 0.743799 0.471117 0.741984 0.471545 0.741682 0.471973 0.737750 0.472401 0.737447 0.472828 0.735935 0.472828 0.735632 0.473256 0.734725 0.473256 0.734422 0.473684 0.732607 0.473684 0.732305 0.473256 0.731397 0.473256 0.730188 0.472401 0.729280 0.472401 0.726860 0.474112 0.726255 0.474112 0.725953 0.474540 0.724138 0.474540 0.723835 0.474968 0.719601 0.474968 0.719298 0.474540 0.715064 0.474540 0.714761 0.474968 0.713551 0.474968 0.713249 0.475824 0.713249 0.477107 0.712946 0.477535 0.712946 0.478819 0.712644 0.479247 0.712644 0.492084 0.712946 0.492512 0.712946 0.498074 0.712644 0.498502 0.712644 0.512623 0.712341 0.513051 0.712341 0.517758 0.712039 0.518186 0.712039 0.529311 0.712644 0.531023 0.713249 0.531878 0.715064 0.532306 0.715366 0.532734 0.718391 0.532734 0.718693 0.532306 0.720206 0.532306 0.720508 0.531878 0.729583 0.531878 0.729885 0.532306 0.732910 0.532734 0.733212 0.533162 0.734120 0.533162 0.734422 0.533590 0.737447 0.534018 0.737750 0.534446 0.739262 0.534446 0.739564 0.534874 0.745614 0.534874 0.745916 0.534446 0.746521 0.534446 0.747731 0.532734 0.748336 0.531023 0.748336 0.523320 0.748034 0.522893 0.748034 0.512195 0.747731 0.511767 0.748034 0.511339 0.748034 0.505349 0.747731 0.504921 0.747731 0.502781 0.747429 0.502353 0.747429 0.497219 0.747126 0.496791 0.746824 0.484382 0.746521 0.483954 0.746521 0.478819 0.746824 0.478391 0.746824 0.475396 0.746521 0.474968 0.746521 0.471117
0 0.544162 0.344031 0.542347 0.359435 0.543255 0.363714 0.543557 0.377407 0.541742 0.382542 0.542045 0.403509 0.541440 0.412067 0.541440 0.423620 0.542045 0.426187 0.543860 0.429183 0.544465 0.431322 0.544465 0.443303 0.545070 0.447582 0.545977 0.449294 0.547187 0.450150 0.553841 0.451006 0.568058 0.450150 0.571990 0.451433 0.581367 0.450150 0.591652 0.450578 0.597701 0.449294 0.602238 0.449294 0.606473 0.450578 0.613733 0.449294 0.615850 0.447582 0.618270 0.443303 0.625529 0.442448 0.626739 0.441164 0.627647 0.437741 0.627647 0.434317 0.626739 0.430894 0.626739 0.414206 0.625529 0.412067 0.620387 0.412067 0.618270 0.410783 0.618875 0.377835 0.617967 0.373556 0.617362 0.365854 0.617060 0.344459 0.616152 0.342747 0.614640 0.341891 0.612523 0.341891 0.610708 0.342747 0.608893 0.346598 0.606171 0.346170 0.605263 0.343603 0.604356 0.342747 0.598004 0.341463 0.592256 0.337184 0.588022 0.336757 0.584090 0.339752 0.581670 0.338040 0.577132 0.336329 0.570780 0.335901 0.564731 0.336757 0.560194 0.339324 0.554749 0.338468 0.551422 0.339752 0.549002 0.339752 0.546279 0.341463
0 0.725953 0.341463 0.725045 0.340180 0.722626 0.338468 0.720206 0.338040 0.718391 0.338896 0.704779 0.339324 0.701452 0.341036 0.697822 0.341463 0.697520 0.341891 0.689050 0.341891 0.688748 0.342319 0.688445 0.341891 0.686933 0.341891 0.685118 0.341036 0.681488 0.341036 0.681186 0.341463 0.678161 0.341463 0.677858 0.341891 0.670901 0.342319 0.670296 0.343175 0.670296 0.347026 0.669994 0.347454 0.669994 0.350877 0.669691 0.351305 0.669691 0.365854 0.669389 0.366282 0.669389 0.367993 0.668784 0.370561 0.668784 0.373556 0.669087 0.373984 0.669087 0.383825 0.669389 0.384253 0.669087 0.403081 0.669994 0.406932 0.671809 0.408216 0.694495 0.408216 0.694797 0.407788 0.699637 0.407360 0.699939 0.406932 0.705384 0.406932 0.705687 0.407360 0.710526 0.407788 0.710829 0.408216 0.714156 0.408216 0.715668 0.407360 0.718088 0.407360 0.720508 0.408644 0.721718 0.408644 0.725348 0.406932 0.726255 0.405220 0.726255 0.397946 0.725953 0.397518 0.725953 0.393667 0.725650 0.393239 0.725650 0.385965 0.725953 0.385537 0.725953 0.381258 0.726255 0.380830 0.726255 0.374412 0.725953 0.373984 0.725953 0.368421 0.726255 0.367993 0.726255 0.363714 0.725953 0.363286 0.725953 0.346598 0.726255 0.346170 0.726255 0.342747
0 0.744404 0.609756 0.742589 0.607189 0.738355 0.606761 0.725348 0.609328 0.701149 0.611040 0.674834 0.610612 0.658197 0.611468 0.655475 0.612751 0.651845 0.611040 0.637931 0.609756 0.633696 0.612751 0.630369 0.612751 0.623715 0.610184 0.584090 0.611468 0.551119 0.611040 0.542650 0.608900 0.529946 0.609328 0.528131 0.611468 0.527223 0.616175 0.528131 0.657253 0.527526 0.665383 0.528736 0.672657 0.527223 0.681215 0.527526 0.700043 0.526316 0.718015 0.527526 0.729996 0.526316 0.735558 0.527526 0.736414 0.533878 0.732135 0.543860 0.732563 0.547187 0.729996 0.560496 0.731279 0.565033 0.729568 0.567453 0.731279 0.573200 0.729996 0.577737 0.733419 0.584090 0.735558 0.595281 0.736414 0.632486 0.734703 0.636721 0.733419 0.672111 0.731707 0.675136 0.730424 0.689050 0.731707 0.704779 0.730424 0.712039 0.734275 0.717483 0.732563 0.720206 0.734703 0.725650 0.734275 0.728978 0.735986 0.742589 0.735986 0.745009 0.733419 0.747429 0.724433 0.746219 0.708601 0.747429 0.698331 0.745916 0.694908 0.745916 0.691913 0.747126 0.687634 0.746219 0.681215 0.748034 0.675225 0.748336 0.652974 0.742287 0.640993 0.742589 0.634146 0.744102 0.629439