0 0.576989 0.200242 0.576561 0.201452 0.576561 0.209316 0.576989 0.209921 0.576989 0.212946 0.577417 0.213551 0.576989 0.214156 0.576989 0.226860 0.576561 0.227465 0.576561 0.238355 0.576989 0.238959 0.576989 0.249849 0.577417 0.250454 0.577417 0.251664 0.577844 0.252874 0.579127 0.254688 0.579983 0.254688 0.580411 0.255293 0.584260 0.255293 0.584688 0.255898 0.586826 0.255898 0.587254 0.256503 0.597091 0.256503 0.597519 0.255898 0.599230 0.255898 0.600941 0.254688 0.601796 0.254688 0.602224 0.255293 0.604363 0.255293 0.604790 0.255898 0.618905 0.255898 0.619333 0.256503 0.621044 0.256503 0.621471 0.257108 0.622327 0.256503 0.624465 0.256503 0.624893 0.255898 0.628743 0.255898 0.629170 0.256503 0.630026 0.256503 0.630881 0.255898 0.631309 0.254688 0.631309 0.253479 0.631737 0.252874 0.631737 0.250454 0.632164 0.249849 0.632164 0.245614 0.631737 0.245009 0.631737 0.229885 0.632164 0.229280 0.632164 0.200847 0.630881 0.198427 0.630026 0.197822 0.628743 0.197822 0.628315 0.198427 0.612062 0.198427 0.611634 0.199032 0.607784 0.199032 0.607357 0.198427 0.603935 0.198427 0.603507 0.197822 0.584688 0.197822 0.584260 0.198427 0.579983 0.198427 0.579555 0.199032 0.578272 0.199032
0 0.578700 0.308530 0.576989 0.311555 0.576989 0.315185 0.577417 0.315789 0.577417 0.318209 0.577844 0.318814 0.576989 0.321234 0.576989 0.326679 0.577844 0.328494 0.577844 0.330914 0.578272 0.331518 0.578272 0.332728 0.577844 0.333333 0.577844 0.335753 0.578272 0.336358 0.578272 0.375681 0.577844 0.376286 0.577844 0.387780 0.578272 0.388385 0.578272 0.390805 0.578700 0.392015 0.580838 0.394434 0.586399 0.394434 0.586826 0.395039 0.607357 0.394434 0.607784 0.393829 0.618477 0.394434 0.618905 0.395039 0.623182 0.395644 0.623610 0.396249 0.626604 0.396249 0.627032 0.395644 0.629170 0.395644 0.629598 0.395039 0.630453 0.395039 0.631309 0.393829 0.632164 0.391410 0.631737 0.379310 0.632164 0.378705 0.632164 0.373261 0.632592 0.372656 0.632164 0.369631 0.630881 0.366606 0.630881 0.364186 0.631309 0.363581 0.631309 0.361162 0.631737 0.360557 0.631737 0.351482 0.631309 0.350877 0.631309 0.340593 0.631737 0.339988 0.631737 0.332728 0.631309 0.332123 0.631309 0.316394 0.630881 0.315789 0.630881 0.313975 0.630026 0.312160 0.627459 0.312160 0.627032 0.311555 0.616339 0.311555 0.615911 0.310950 0.612917 0.310950 0.612489 0.310345 0.609923 0.310345 0.609495 0.309740 0.604363 0.309740 0.603935 0.309135 0.592814 0.309135 0.592387 0.308530 0.582977 0.308530 0.582549 0.307925 0.579983 0.307925 0.579555 0.308530
0 0.517536 0.341198 0.517536 0.341803 0.517109 0.342408 0.517109 0.345433 0.516681 0.346037 0.516681 0.361162 0.517109 0.361766 0.517109 0.362976 0.517536 0.363581 0.517536 0.364186 0.517964 0.364186 0.518392 0.364791 0.533790 0.364791 0.534217 0.365396 0.541061 0.365396 0.541488 0.364791 0.543627 0.364791 0.544055 0.364186 0.544055 0.363581 0.544482 0.362976 0.544482 0.354507 0.544055 0.353902 0.544055 0.341803 0.543627 0.341198 0.543199 0.341198 0.542772 0.340593 0.537211 0.340593 0.536784 0.341198 0.531651 0.341198 0.531223 0.340593 0.527802 0.340593 0.527374 0.339988 0.518392 0.339988
0 0.542772 0.313370 0.542344 0.312765 0.541916 0.312765 0.541488 0.312160 0.540633 0.312160 0.540205 0.311555 0.538067 0.311555 0.537639 0.312160 0.536784 0.312160 0.536356 0.312765 0.519247 0.312765 0.517964 0.314580 0.517964 0.316394 0.517536 0.316999 0.517536 0.321839 0.517109 0.322444 0.517109 0.326679 0.517536 0.327284 0.517536 0.332728 0.517109 0.333333 0.517109 0.336358 0.517964 0.337568 0.541916 0.337568 0.542344 0.338173 0.543199 0.338173 0.543627 0.337568 0.544055 0.337568 0.544055 0.335753 0.544482 0.335148 0.544482 0.333938 0.544055 0.333333 0.544055 0.328494 0.543627 0.327889 0.543627 0.325469 0.543199 0.324864 0.543199 0.321234 0.543627 0.320629 0.543627 0.318209 0.543199 0.317604 0.543199 0.314580 0.542772 0.313975
0 0.573567 0.309740 0.572284 0.308530 0.571429 0.309135 0.563302 0.309135 0.562874 0.309740 0.561591 0.309740 0.561163 0.310345 0.558169 0.310345 0.557742 0.309740 0.552609 0.309740 0.552181 0.310345 0.545766 0.310345 0.545338 0.310950 0.541916 0.310950 0.541488 0.310345 0.540205 0.310345 0.539778 0.309740 0.526091 0.309740 0.525663 0.309135 0.518820 0.309135 0.517964 0.309740 0.516681 0.312160 0.516681 0.320024 0.516253 0.320629 0.516253 0.345433 0.515826 0.346037 0.515826 0.356927 0.515398 0.357532 0.515398 0.359952 0.515826 0.360557 0.515826 0.362371 0.516253 0.362976 0.516253 0.364186 0.516681 0.365396 0.517964 0.367211 0.518820 0.367816 0.525235 0.367816 0.525663 0.367211 0.529512 0.367211 0.529940 0.366606 0.537211 0.366606 0.537639 0.367211 0.540205 0.367211 0.540633 0.366606 0.544910 0.366606 0.545338 0.367211 0.546193 0.367211 0.547904 0.368421 0.552609 0.368421 0.553037 0.367816 0.558169 0.367816 0.558597 0.367211 0.560308 0.367211 0.560736 0.366606 0.570145 0.366606 0.570573 0.366001 0.571856 0.366001 0.573139 0.363581 0.573139 0.362371 0.573567 0.361766 0.573567 0.359347 0.573995 0.358742 0.573995 0.353902 0.573567 0.353297 0.573567 0.318209 0.573995 0.317604 0.574423 0.312160
0 0.543627 0.198427 0.542344 0.198427 0.541916 0.197822 0.538067 0.197822 0.537639 0.197217 0.536356 0.197217 0.535928 0.196612 0.533362 0.196612 0.532934 0.196007 0.530796 0.196007 0.530368 0.196612 0.528229 0.196612 0.527802 0.197217 0.524808 0.197217 0.524380 0.197822 0.518820 0.197822 0.518392 0.198427 0.517109 0.198427 0.516253 0.199637 0.516253 0.200242 0.515826 0.200847 0.515826 0.211131 0.516253 0.211736 0.516253 0.234725 0.516681 0.235330 0.516681 0.238959 0.516253 0.239564 0.516253 0.247429 0.516681 0.248034 0.516681 0.251059 0.517109 0.251664 0.517109 0.252874 0.518392 0.254688 0.518820 0.254688 0.519247 0.255293 0.520103 0.255293 0.520530 0.254688 0.527802 0.254688 0.528229 0.255293 0.541061 0.255293 0.541488 0.254688 0.543199 0.254688 0.544482 0.253479 0.544482 0.252874 0.544910 0.252269 0.544910 0.243194 0.544482 0.242589 0.544482 0.240169 0.544910 0.239564 0.544910 0.234120 0.544482 0.233515 0.544482 0.200242
0 0.552181 0.186933 0.552181 0.188143 0.551326 0.189958 0.551326 0.192377 0.550898 0.192982 0.550898 0.194192 0.550043 0.195402 0.549615 0.195402 0.549187 0.196007 0.548332 0.196007 0.547476 0.197217 0.547049 0.197217 0.547049 0.197822 0.545338 0.200847 0.545338 0.202662 0.544910 0.203267 0.544910 0.218391 0.544482 0.218996 0.544482 0.221416 0.544910 0.222021 0.544910 0.229885 0.544482 0.230490 0.544482 0.238959 0.544910 0.239564 0.544910 0.241379 0.545338 0.241984 0.545338 0.246824 0.544910 0.247429 0.545338 0.248034 0.545338 0.249849 0.545766 0.250454 0.545766 0.251059 0.547476 0.253479 0.549187 0.253479 0.549615 0.254083 0.553037 0.254083 0.553464 0.254688 0.555603 0.254688 0.556031 0.255293 0.562874 0.255293 0.563302 0.254688 0.571429 0.254688 0.571856 0.254083 0.572284 0.254083 0.573139 0.252874 0.573139 0.252269 0.573567 0.251664 0.573567 0.250454 0.573995 0.249849 0.573995 0.245614 0.573567 0.245009 0.573567 0.202662 0.573139 0.202057 0.573139 0.200847 0.572284 0.199637 0.565013 0.199637 0.564585 0.199032 0.563730 0.199032 0.563302 0.198427 0.562019 0.197822 0.559880 0.194797 0.559880 0.193587 0.560308 0.192982 0.560308 0.189958 0.559880 0.189353 0.559880 0.188748 0.555175 0.188748 0.554748 0.188143 0.553892 0.188143 0.553464 0.187538
0 0.425577 0.339988 0.424722 0.338778 0.424722 0.338173 0.423867 0.336963 0.421728 0.336963 0.421300 0.337568 0.420445 0.337568 0.420017 0.338173 0.417451 0.338173 0.417023 0.337568 0.414885 0.337568 0.414457 0.338173 0.412746 0.338173 0.412318 0.338778 0.405047 0.338778 0.404619 0.339383 0.402053 0.339383 0.401625 0.338778 0.400770 0.338778 0.400342 0.338173 0.399914 0.338173 0.399487 0.337568 0.399059 0.337568 0.398631 0.338173 0.398204 0.338173 0.397776 0.338778 0.397776 0.339383 0.397348 0.339988 0.397348 0.340593 0.396920 0.341198 0.396920 0.347852 0.397348 0.348457 0.397348 0.354507 0.397776 0.355112 0.397776 0.362371 0.398204 0.362976 0.398204 0.364186 0.399059 0.365396 0.412318 0.365396 0.412746 0.366001 0.422583 0.366001 0.423011 0.366606 0.423439 0.366606 0.423867 0.366001 0.424722 0.366001 0.425150 0.365396 0.425577 0.365396 0.426433 0.364186 0.426433 0.362371 0.426861 0.361766 0.426861 0.353902 0.426433 0.353297 0.426433 0.350272 0.426005 0.349667 0.426005 0.341198 0.425577 0.340593
0 0.398204 0.312160 0.398204 0.312765 0.397776 0.313370 0.397776 0.316394 0.397348 0.316999 0.397348 0.336963 0.397776 0.337568 0.397776 0.338173 0.398631 0.339383 0.401198 0.339383 0.401625 0.338778 0.404619 0.338778 0.405047 0.339383 0.420017 0.339383 0.420445 0.339988 0.421728 0.339988 0.422156 0.340593 0.425150 0.340593 0.426005 0.339383 0.426005 0.338173 0.426433 0.337568 0.426433 0.324864 0.426005 0.324259 0.426005 0.321234 0.425577 0.320629 0.425577 0.313975 0.425150 0.313370 0.425150 0.312765 0.424722 0.312765 0.423867 0.311555 0.422156 0.311555 0.421728 0.310950 0.417879 0.310950 0.417451 0.310345 0.412318 0.310345 0.411891 0.310950 0.408896 0.310950 0.408469 0.310345 0.406330 0.310345 0.405902 0.310950 0.403764 0.310950 0.403336 0.311555 0.401198 0.311555 0.400770 0.310950 0.399059 0.310950
0 0.432421 0.307925 0.430282 0.310950 0.429855 0.310950 0.429427 0.311555 0.428571 0.311555 0.427288 0.313370 0.427288 0.332123 0.426861 0.332728 0.426861 0.339383 0.427288 0.339988 0.427288 0.345433 0.427716 0.346037 0.427716 0.347852 0.427288 0.348457 0.427288 0.350877 0.426861 0.351482 0.426861 0.361766 0.427288 0.362371 0.427288 0.363581 0.427716 0.364186 0.427716 0.364791 0.428144 0.365396 0.431138 0.365396 0.431565 0.366001 0.437126 0.366001 0.437553 0.365396 0.438409 0.365396 0.438837 0.364791 0.440120 0.364791 0.440547 0.364186 0.440975 0.364791 0.442258 0.364791 0.442686 0.365396 0.450813 0.365396 0.451240 0.364791 0.452096 0.364791 0.452524 0.364186 0.452951 0.364186 0.452951 0.363581 0.453379 0.362976 0.453379 0.360557 0.453807 0.359952 0.453807 0.357532 0.453379 0.356927 0.453379 0.344828 0.453807 0.344223 0.453807 0.335148 0.454234 0.334543 0.454234 0.323654 0.453807 0.323049 0.453807 0.312765 0.453379 0.312160 0.453379 0.310950 0.452951 0.310345 0.452951 0.309740 0.452096 0.309740 0.451668 0.309135 0.448674 0.309135 0.448246 0.309740 0.447391 0.309740 0.446963 0.310345 0.446535 0.310345 0.445680 0.311555 0.445680 0.312160 0.445252 0.312765 0.444825 0.314580 0.443541 0.316394 0.440120 0.316394 0.437553 0.312765 0.437553 0.312160 0.437126 0.311555 0.437126 0.310950 0.436270 0.309135 0.435843 0.309135 0.434987 0.307925
0 0.391360 0.341803 0.390505 0.340593 0.389649 0.340593 0.389222 0.341198 0.388794 0.341198 0.387511 0.343013 0.387083 0.343013 0.386655 0.343618 0.386228 0.343618 0.385800 0.344223 0.381950 0.344223 0.381523 0.343618 0.381095 0.343618 0.380240 0.342408 0.379812 0.342408 0.378956 0.341198 0.376390 0.341198 0.375962 0.341803 0.371685 0.341803 0.371257 0.341198 0.366125 0.341198 0.365697 0.341803 0.365697 0.343013 0.365269 0.343618 0.365269 0.352692 0.364842 0.353297 0.364842 0.359952 0.365269 0.360557 0.365269 0.361162 0.365697 0.361766 0.365697 0.362371 0.366125 0.362976 0.366553 0.362976 0.366980 0.363581 0.367408 0.363581 0.367836 0.364186 0.369547 0.364186 0.369974 0.364791 0.370402 0.364791 0.370830 0.364186 0.378101 0.364186 0.378529 0.363581 0.389222 0.363581 0.389649 0.362976 0.390505 0.362976 0.391360 0.361766 0.391360 0.361162 0.391788 0.360557 0.391788 0.358137 0.392216 0.357532 0.392216 0.346037 0.391788 0.345433 0.391788 0.343013 0.391360 0.342408
0 0.390505 0.314580 0.390077 0.313975 0.389649 0.313975 0.389222 0.313370 0.385800 0.313370 0.385372 0.312765 0.380667 0.312765 0.380240 0.313370 0.379384 0.313370 0.378956 0.313975 0.378529 0.313975 0.378101 0.314580 0.375535 0.314580 0.375107 0.315185 0.373824 0.315185 0.373396 0.314580 0.372113 0.314580 0.371685 0.313975 0.370830 0.313975 0.370402 0.313370 0.369119 0.313370 0.368691 0.313975 0.368263 0.313975 0.367836 0.314580 0.367408 0.314580 0.366553 0.315789 0.366553 0.316394 0.366125 0.316999 0.366125 0.321234 0.365697 0.321839 0.365697 0.337568 0.366125 0.338173 0.366125 0.338778 0.373824 0.338778 0.374252 0.338173 0.374679 0.338173 0.375107 0.338778 0.379384 0.338778 0.379812 0.338173 0.390077 0.338173 0.390505 0.337568 0.390932 0.337568 0.391788 0.336358 0.391788 0.335753 0.392216 0.335148 0.392216 0.327889 0.391788 0.327284 0.391788 0.325469 0.391360 0.324864 0.391360 0.318814 0.390932 0.318209 0.390932 0.315789 0.390505 0.315185
0 0.239093 0.282517 0.238238 0.283727 0.238238 0.284936 0.237810 0.285541 0.237810 0.295826 0.238238 0.296431 0.238238 0.301270 0.238666 0.301875 0.238666 0.309740 0.239093 0.310345 0.239093 0.318209 0.239521 0.318814 0.239521 0.321234 0.239949 0.321839 0.239949 0.323654 0.240376 0.324259 0.240376 0.324864 0.239949 0.325469 0.239949 0.328494 0.239521 0.329099 0.239521 0.336358 0.239949 0.336963 0.239949 0.337568 0.240804 0.338778 0.242943 0.338778 0.243370 0.338173 0.253636 0.338173 0.254063 0.337568 0.256202 0.337568 0.256630 0.336963 0.259624 0.336963 0.260051 0.337568 0.268178 0.337568 0.268606 0.338173 0.271172 0.338173 0.272027 0.336963 0.272455 0.336963 0.272455 0.336358 0.272883 0.335753 0.272883 0.329099 0.272455 0.328494 0.272455 0.326074 0.272027 0.325469 0.272027 0.323049 0.272455 0.322444 0.272455 0.287356 0.272027 0.286751 0.272027 0.285541 0.271172 0.284332 0.270744 0.284332 0.270317 0.283727 0.263045 0.283727 0.262618 0.284332 0.262190 0.284332 0.261762 0.283727 0.256630 0.283727 0.256202 0.283122 0.254491 0.283122 0.254063 0.282517 0.245937 0.282517 0.245509 0.281912 0.244226 0.281912 0.243798 0.281307 0.242515 0.281307 0.242087 0.280702 0.241660 0.280702 0.241232 0.281307 0.240376 0.281307 0.239521 0.282517
0 0.239949 0.343013 0.239949 0.348457 0.239521 0.349062 0.239521 0.361162 0.241232 0.363581 0.242515 0.363581 0.242943 0.364186 0.247220 0.364186 0.247648 0.363581 0.248931 0.363581 0.249358 0.362976 0.253636 0.362976 0.254063 0.363581 0.262190 0.363581 0.262618 0.364186 0.270317 0.364186 0.270744 0.363581 0.271172 0.363581 0.271172 0.362976 0.271600 0.362371 0.271600 0.361766 0.272027 0.361162 0.272027 0.346037 0.271600 0.345433 0.271600 0.342408 0.270744 0.341198 0.263901 0.341198 0.263473 0.340593 0.259624 0.340593 0.259196 0.341198 0.255774 0.341198 0.255346 0.341803 0.254491 0.341803 0.254063 0.342408 0.251069 0.342408 0.250642 0.343013 0.250214 0.343013 0.249786 0.342408 0.248503 0.342408 0.248075 0.341803 0.246364 0.341803 0.245937 0.341198 0.243370 0.341198 0.242943 0.340593 0.241232 0.340593 0.240376 0.341803 0.240376 0.342408
0 0.157399 0.197822 0.155689 0.201452 0.155689 0.203872 0.156116 0.204477 0.156116 0.220811 0.156544 0.221416 0.156544 0.258318 0.156972 0.258923 0.156972 0.271627 0.156544 0.272232 0.156544 0.278887 0.156972 0.279492 0.156972 0.281307 0.157399 0.281912 0.158255 0.286146 0.159110 0.286751 0.159966 0.285541 0.162104 0.284332 0.170231 0.284332 0.170659 0.283727 0.171942 0.283727 0.172370 0.284332 0.180068 0.284332 0.180496 0.284936 0.185629 0.284936 0.186056 0.285541 0.190761 0.284936 0.192900 0.283727 0.195894 0.283727 0.201882 0.290381 0.202737 0.290381 0.203165 0.290986 0.205304 0.290986 0.205731 0.291591 0.210436 0.291591 0.211292 0.290986 0.212147 0.288566 0.212147 0.286146 0.212575 0.285541 0.212575 0.283122 0.213003 0.282517 0.212575 0.281307 0.212575 0.256503 0.213003 0.255898 0.213003 0.253479 0.212575 0.252874 0.212575 0.237145 0.213003 0.236540 0.212575 0.235935 0.212575 0.229885 0.212147 0.229280 0.212147 0.211131 0.211719 0.210526 0.211719 0.203872 0.212147 0.202662 0.211719 0.201452 0.209153 0.199637 0.207015 0.199637 0.206587 0.200242 0.196322 0.200242 0.195894 0.199637 0.194183 0.199637 0.192044 0.198427 0.190761 0.198427 0.190334 0.199032 0.186056 0.199032 0.185629 0.198427 0.180068 0.198427 0.179641 0.199032 0.178358 0.199032 0.177930 0.198427 0.169803 0.198427 0.167665 0.197217 0.165098 0.197217 0.164671 0.197822 0.158255 0.197217
0 0.215997 0.168784 0.214286 0.171204 0.214286 0.176649 0.214713 0.177253 0.214713 0.179673 0.214286 0.180278 0.214286 0.186933 0.214713 0.187538 0.214713 0.208711 0.215141 0.209316 0.215141 0.218996 0.214713 0.219601 0.214713 0.227465 0.215141 0.228070 0.215141 0.235330 0.214713 0.235935 0.214713 0.239564 0.215141 0.240169 0.215141 0.242589 0.214713 0.243194 0.214713 0.251059 0.215997 0.254688 0.216852 0.255898 0.218991 0.255898 0.219418 0.255293 0.225406 0.255293 0.225834 0.254688 0.227973 0.254688 0.228400 0.254083 0.231822 0.254688 0.232250 0.255293 0.238238 0.254688 0.238666 0.255293 0.247648 0.255293 0.248075 0.255898 0.251069 0.255898 0.252780 0.254688 0.254919 0.254688 0.255346 0.255293 0.257057 0.255293 0.257485 0.255898 0.260479 0.255898 0.260907 0.255293 0.270317 0.255293 0.271172 0.254688 0.272455 0.252874 0.272455 0.251664 0.273311 0.249244 0.273311 0.246219 0.272883 0.245614 0.272883 0.238355 0.272455 0.237750 0.272455 0.232910 0.272027 0.232305 0.272455 0.224440 0.272883 0.223835 0.272883 0.219601 0.272455 0.218996 0.272455 0.193587 0.272027 0.192982 0.272027 0.187538 0.272455 0.186933 0.272455 0.174834 0.272883 0.174229 0.272883 0.171809 0.271600 0.167574 0.269461 0.165759 0.268606 0.165759 0.266895 0.164549 0.254919 0.164549 0.254491 0.165154 0.252352 0.165154 0.251925 0.164549 0.237382 0.164549 0.236527 0.163944 0.236099 0.164549 0.232250 0.164549 0.231822 0.165154 0.228400 0.165759 0.224551 0.168784 0.223695 0.168179 0.217280 0.168179 0.216852 0.168784
0 0.215997 0.258318 0.215997 0.264368 0.215569 0.264973 0.215569 0.267393 0.215997 0.267998 0.215997 0.282517 0.216424 0.283122 0.216424 0.283727 0.217280 0.284936 0.219418 0.284936 0.219846 0.285541 0.227117 0.285541 0.227545 0.284936 0.229683 0.284936 0.230111 0.284332 0.232250 0.284332 0.232678 0.283727 0.238666 0.283727 0.239093 0.283122 0.248931 0.283122 0.249358 0.282517 0.249786 0.283122 0.251069 0.283122 0.251497 0.283727 0.271172 0.283727 0.272027 0.282517 0.272027 0.281912 0.272455 0.281307 0.272455 0.279492 0.272883 0.278887 0.272883 0.271022 0.272455 0.270417 0.272455 0.264973 0.272883 0.264368 0.272883 0.258318 0.272455 0.257713 0.272455 0.257108 0.271172 0.255293 0.267750 0.255293 0.267323 0.255898 0.257485 0.255898 0.257057 0.256503 0.256202 0.256503 0.254063 0.258318 0.236955 0.258318 0.236527 0.257713 0.236099 0.257713 0.233961 0.255898 0.225834 0.255898 0.225406 0.255293 0.217280 0.255293 0.216424 0.256503 0.216424 0.257713
0 0.098802 0.213551 0.097519 0.217181 0.097519 0.224440 0.097947 0.225045 0.097947 0.238355 0.097519 0.238959 0.097947 0.264368 0.097519 0.266183 0.097947 0.266788 0.097947 0.272232 0.098375 0.272837 0.098375 0.286146 0.097947 0.286751 0.097947 0.292196 0.097519 0.292801 0.097519 0.297641 0.097947 0.298246 0.097947 0.310345 0.097519 0.310950 0.097519 0.313975 0.097947 0.314580 0.097947 0.333938 0.097519 0.334543 0.097947 0.344223 0.097519 0.344828 0.097519 0.349667 0.098375 0.352692 0.100513 0.354507 0.107784 0.354507 0.108640 0.353902 0.111206 0.355112 0.121471 0.354507 0.121899 0.355112 0.125749 0.355112 0.126176 0.355717 0.130453 0.355717 0.130881 0.355112 0.139008 0.355112 0.141574 0.353902 0.147134 0.354507 0.150128 0.352692 0.153978 0.352087 0.154833 0.350877 0.155689 0.347852 0.155689 0.310345 0.155261 0.309740 0.155261 0.303690 0.155689 0.303085 0.155261 0.292801 0.155689 0.292196 0.155689 0.287356 0.154833 0.283727 0.155261 0.281912 0.155261 0.268603 0.155689 0.267998 0.155689 0.246824 0.155261 0.246219 0.155261 0.240774 0.155689 0.240169 0.155689 0.217786 0.154833 0.214761 0.153978 0.213551 0.152267 0.213551 0.151839 0.212946 0.129170 0.212946 0.128743 0.212341 0.125321 0.212341 0.124893 0.212946 0.112062 0.212946 0.111634 0.212341 0.108212 0.212341 0.107784 0.212946 0.099658 0.212946
0 0.159110 0.286146 0.158255 0.287356 0.157827 0.289171 0.158255 0.292801 0.159110 0.294616 0.159110 0.297036 0.158255 0.299456 0.158255 0.303085 0.158683 0.303690 0.158683 0.313975 0.159538 0.316394 0.160821 0.316999 0.161677 0.318814 0.159966 0.320629 0.158683 0.323049 0.158683 0.324864 0.158255 0.325469 0.158255 0.333333 0.157827 0.333938 0.158255 0.343618 0.157827 0.344223 0.157827 0.356927 0.157399 0.357532 0.157399 0.361162 0.157827 0.361766 0.157399 0.374471 0.158255 0.377495 0.157827 0.378705 0.157827 0.385360 0.158683 0.388990 0.158683 0.393829 0.159538 0.395039 0.159966 0.394434 0.162960 0.393829 0.166809 0.396249 0.169803 0.396249 0.170231 0.395644 0.171514 0.395644 0.171942 0.396249 0.179213 0.396249 0.179641 0.395644 0.180924 0.396249 0.189050 0.396249 0.189478 0.395644 0.195466 0.395644 0.195894 0.396249 0.203165 0.396854 0.203593 0.397459 0.206587 0.397459 0.207015 0.396854 0.215141 0.396854 0.216424 0.396249 0.216852 0.395039 0.216852 0.376286 0.215569 0.372656 0.215997 0.354507 0.215569 0.353902 0.215569 0.347852 0.215141 0.347247 0.214713 0.341803 0.215569 0.338173 0.216852 0.336358 0.219418 0.334543 0.220274 0.334543 0.221985 0.329704 0.221985 0.327889 0.222840 0.324864 0.222840 0.322444 0.222412 0.321839 0.222412 0.312765 0.224123 0.307320 0.222840 0.302480 0.221129 0.300060 0.216424 0.300060 0.213430 0.298246 0.211719 0.296431 0.208725 0.295221 0.205731 0.290986 0.204021 0.289776 0.202310 0.287356 0.198888 0.284936 0.196322 0.284936 0.195894 0.284332 0.191617 0.284332 0.191189 0.284936 0.178358 0.284936 0.177930 0.284332 0.173225 0.284332 0.172797 0.284936 0.170659 0.284936 0.170231 0.284332 0.166809 0.283727 0.163388 0.285541
0 0.390077 0.167574 0.389222 0.167574 0.387083 0.169389 0.385800 0.169389 0.382806 0.166364 0.381095 0.166364 0.378956 0.167574 0.373396 0.167574 0.372113 0.168784 0.370830 0.168784 0.370402 0.169389 0.369547 0.168784 0.368263 0.168784 0.366980 0.167574 0.346450 0.167574 0.346022 0.168179 0.337040 0.167574 0.336612 0.168179 0.335329 0.168179 0.334046 0.169994 0.333618 0.171204 0.333618 0.184513 0.334046 0.185118 0.334046 0.188748 0.334474 0.189353 0.334474 0.201452 0.334902 0.202057 0.334902 0.205687 0.335329 0.206292 0.334902 0.206897 0.334902 0.208106 0.331908 0.212946 0.331908 0.222021 0.332335 0.222626 0.332335 0.225045 0.332763 0.225650 0.332763 0.229885 0.333191 0.230490 0.333191 0.232305 0.333618 0.232910 0.333618 0.234120 0.334474 0.235330 0.334046 0.245009 0.333618 0.245614 0.333618 0.254083 0.335329 0.256503 0.336185 0.257108 0.339179 0.257108 0.339606 0.256503 0.360137 0.256503 0.360565 0.257108 0.361848 0.257108 0.362275 0.256503 0.368263 0.256503 0.368691 0.257108 0.371257 0.257108 0.371685 0.256503 0.387511 0.256503 0.387938 0.255898 0.390077 0.255898 0.390932 0.254688 0.392216 0.250454 0.392216 0.220811 0.391788 0.220206 0.391788 0.216576 0.392216 0.215971 0.392216 0.211736 0.391788 0.211131 0.391788 0.202662 0.392216 0.202057 0.392216 0.200847 0.391788 0.200242 0.391788 0.198427 0.390932 0.196007 0.390932 0.192982 0.391360 0.192377 0.391360 0.172414 0.390932 0.171809 0.390932 0.169389
0 0.279299 0.202662 0.278871 0.205082 0.278443 0.205687 0.278443 0.208106 0.279299 0.209921 0.282720 0.211131 0.284431 0.209921 0.286142 0.207502 0.286570 0.207502 0.287853 0.208711 0.289564 0.213551 0.288281 0.215971 0.284859 0.217181 0.282293 0.219601 0.279726 0.218996 0.279299 0.218391 0.279299 0.219601 0.280154 0.219601 0.281009 0.222021 0.281009 0.223835 0.280582 0.225045 0.278443 0.228070 0.278015 0.230490 0.277588 0.231095 0.278015 0.232305 0.278015 0.236540 0.278443 0.237145 0.278015 0.238355 0.278015 0.243194 0.278443 0.243799 0.278443 0.248034 0.278871 0.248639 0.278443 0.249244 0.278443 0.254083 0.279299 0.255293 0.281009 0.255898 0.281437 0.256503 0.282293 0.256503 0.282720 0.257108 0.284003 0.257108 0.284431 0.256503 0.287425 0.256503 0.287853 0.255898 0.295979 0.255898 0.296407 0.255293 0.301967 0.255293 0.302395 0.255898 0.307528 0.255898 0.307956 0.256503 0.318648 0.256503 0.319076 0.255898 0.320787 0.255898 0.321215 0.256503 0.325492 0.256503 0.325920 0.257108 0.328914 0.257108 0.329341 0.256503 0.331480 0.256503 0.331908 0.255898 0.332763 0.255898 0.333618 0.254688 0.333618 0.250454 0.333191 0.249849 0.333618 0.241379 0.333191 0.240774 0.333191 0.238959 0.332335 0.237145 0.332335 0.235935 0.334474 0.231700 0.334474 0.230490 0.334902 0.229885 0.334902 0.228675 0.335329 0.228070 0.335329 0.226860 0.336185 0.224440 0.335329 0.222626 0.335329 0.221416 0.334474 0.219601 0.334474 0.218391 0.332763 0.213551 0.337468 0.207502 0.337040 0.205687 0.334902 0.202057 0.334046 0.202057 0.333618 0.201452 0.324636 0.201452 0.324209 0.202057 0.322070 0.202057 0.321642 0.202662 0.316510 0.202662 0.316082 0.202057 0.314371 0.202057 0.313944 0.201452 0.312660 0.201452 0.312233 0.200847 0.300684 0.200847 0.300257 0.200242 0.298546 0.200242 0.298118 0.200847 0.295979 0.200847 0.295552 0.201452 0.288708 0.201452 0.288281 0.202057 0.285714 0.202057 0.285287 0.201452 0.283576 0.201452 0.282720 0.200847 0.282293 0.201452 0.281009 0.201452
0 0.279299 0.258318 0.278443 0.264368 0.278443 0.267998 0.278871 0.268603 0.278443 0.279492 0.279299 0.281912 0.279299 0.284936 0.278015 0.288566 0.278443 0.301270 0.279299 0.304900 0.279299 0.307925 0.278015 0.312765 0.278015 0.325469 0.279726 0.330914 0.280154 0.346037 0.279726 0.346642 0.279726 0.355717 0.279299 0.356322 0.279726 0.366606 0.278015 0.380520 0.278015 0.394434 0.278871 0.395644 0.313088 0.395039 0.315654 0.396249 0.320359 0.396249 0.320787 0.396854 0.325492 0.396854 0.327630 0.395644 0.330197 0.395644 0.330624 0.396249 0.333618 0.395644 0.334902 0.393829 0.335757 0.390200 0.335757 0.375681 0.337040 0.372051 0.336185 0.366001 0.336185 0.343618 0.335757 0.343013 0.335757 0.325469 0.335329 0.324864 0.336185 0.308530 0.337468 0.306715 0.342173 0.306715 0.345167 0.305505 0.347305 0.301875 0.349444 0.294011 0.352010 0.289776 0.351583 0.283727 0.352438 0.282517 0.354577 0.282517 0.356715 0.284332 0.358854 0.281912 0.360137 0.276467 0.360137 0.261343 0.358426 0.258318 0.355432 0.258318 0.353721 0.259528 0.349016 0.257713 0.348161 0.258318 0.336185 0.258923 0.333191 0.256503 0.322926 0.256503 0.320359 0.257713 0.315227 0.257713 0.313088 0.255898 0.310522 0.255293 0.304534 0.255293 0.295124 0.257713 0.282720 0.256503
0 0.399720 0.203973 0.400098 0.255368 0.452711 0.252156 0.452332 0.236631 0.457253 0.237166 0.456118 0.251085 0.511758 0.252692 0.510244 0.169175 0.456496 0.171316 0.454982 0.202367
0 0.511380 0.362976 0.461038 0.362441 0.456118 0.303551 0.433407 0.301410 0.430000 0.258045 0.510244 0.257510
0 0.576989 0.641863 0.575706 0.643678 0.575706 0.644283 0.575278 0.644888 0.575278 0.646703 0.574850 0.647308 0.574850 0.649728 0.575278 0.650333 0.575278 0.655172 0.575706 0.655777 0.575706 0.690260 0.576133 0.690865 0.576133 0.694495 0.576561 0.695100 0.576561 0.696310 0.576989 0.696915 0.576989 0.697520 0.577417 0.698125 0.580411 0.698125 0.580838 0.698730 0.610778 0.698730 0.611206 0.698125 0.611634 0.698125 0.612489 0.696915 0.612489 0.696310 0.612917 0.695705 0.612917 0.689655 0.613345 0.689050 0.613345 0.656382 0.612917 0.655777 0.612917 0.644283 0.612489 0.643678 0.612489 0.643073 0.612062 0.642468 0.611206 0.642468 0.610778 0.641863 0.594525 0.641863 0.594098 0.641258 0.591531 0.641258 0.591103 0.641863 0.584688 0.641863 0.584260 0.641258 0.579127 0.641258 0.578700 0.641863
0 0.576133 0.702964 0.576133 0.704779 0.575706 0.705384 0.575706 0.708409 0.575278 0.709014 0.575278 0.723533 0.575706 0.724138 0.575706 0.744707 0.576133 0.745312 0.576133 0.747731 0.576561 0.748336 0.576561 0.748941 0.577417 0.750151 0.577844 0.750151 0.578272 0.750756 0.581266 0.750756 0.581694 0.751361 0.587682 0.751361 0.588109 0.750756 0.589820 0.750756 0.590248 0.751361 0.596236 0.751361 0.596664 0.750756 0.597947 0.750756 0.598375 0.751361 0.603507 0.751361 0.603935 0.750756 0.607357 0.750756 0.607784 0.751361 0.610778 0.751361 0.611206 0.750756 0.611634 0.750756 0.612489 0.749546 0.612489 0.748941 0.612917 0.748336 0.612917 0.735027 0.613345 0.734422 0.613345 0.728373 0.612917 0.727768 0.612917 0.709619 0.612489 0.709014 0.612489 0.704779 0.612062 0.704174 0.612062 0.702964 0.611206 0.701754 0.610778 0.701754 0.610351 0.701149 0.577417 0.701149
0 0.577844 0.754991 0.576561 0.758621 0.576561 0.761041 0.576133 0.761645 0.576133 0.765275 0.575706 0.765880 0.575706 0.772535 0.576133 0.773140 0.576133 0.783424 0.575706 0.784029 0.575706 0.795523 0.575278 0.796128 0.575278 0.809437 0.574850 0.810042 0.574850 0.811857 0.574423 0.812462 0.574423 0.814882 0.573995 0.815487 0.573995 0.836056 0.574423 0.837266 0.576133 0.839080 0.577844 0.839080 0.578272 0.839685 0.609495 0.839685 0.609923 0.839080 0.612489 0.839080 0.613772 0.836661 0.613772 0.827586 0.614200 0.826981 0.614200 0.816697 0.613772 0.816092 0.613772 0.797338 0.614200 0.796733 0.614200 0.785844 0.613772 0.785239 0.613772 0.764670 0.613345 0.764065 0.613345 0.757411 0.612917 0.756806 0.612917 0.755596 0.611206 0.753781 0.579555 0.753781
0 0.516253 0.756201 0.515826 0.757411 0.515826 0.767695 0.515398 0.768300 0.515398 0.771325 0.515826 0.771930 0.515826 0.774955 0.516253 0.775560 0.516253 0.776769 0.515826 0.777374 0.515826 0.780399 0.515398 0.781004 0.515398 0.782819 0.515826 0.783424 0.515826 0.791894 0.515398 0.792498 0.515398 0.807018 0.515826 0.807622 0.515826 0.808832 0.517109 0.810647 0.517964 0.810647 0.518392 0.811252 0.529085 0.811252 0.529512 0.811857 0.543199 0.811857 0.543627 0.811252 0.548332 0.811252 0.548760 0.810647 0.554320 0.810647 0.554748 0.811252 0.556886 0.811252 0.557314 0.810647 0.559025 0.810647 0.559453 0.810042 0.561591 0.810042 0.562019 0.810647 0.570573 0.810647 0.572284 0.808832 0.572712 0.807622 0.572712 0.806413 0.573139 0.805808 0.573139 0.794918 0.572712 0.794313 0.572712 0.767090 0.573139 0.766485 0.573139 0.762855 0.573567 0.762250 0.573567 0.756806 0.572284 0.753781 0.571429 0.753781 0.571001 0.753176 0.566724 0.753176 0.566296 0.752571 0.562447 0.752571 0.562019 0.753176 0.553037 0.753176 0.552609 0.753781 0.551326 0.753781 0.550898 0.753176 0.545338 0.753176 0.544910 0.752571 0.537639 0.752571 0.537211 0.753176 0.532934 0.753176 0.532506 0.752571 0.530368 0.752571 0.529940 0.753176 0.521814 0.753176 0.521386 0.753781 0.518820 0.753781 0.518392 0.754386 0.517536 0.754386
0 0.570145 0.703569 0.568862 0.701754 0.565441 0.701754 0.565013 0.702359 0.564157 0.702359 0.563730 0.702964 0.559025 0.702964 0.558597 0.702359 0.557742 0.702359 0.557314 0.701754 0.556031 0.701754 0.555603 0.701149 0.552609 0.701149 0.552181 0.700544 0.551754 0.701149 0.518392 0.701149 0.517109 0.703569 0.517109 0.705989 0.516681 0.706594 0.516681 0.711434 0.516253 0.712039 0.516253 0.725348 0.516681 0.725953 0.516681 0.732002 0.516253 0.732607 0.516253 0.747126 0.516681 0.747731 0.516681 0.748336 0.517964 0.750151 0.530368 0.750151 0.530796 0.749546 0.536784 0.749546 0.537211 0.748941 0.541061 0.748941 0.541488 0.749546 0.549187 0.749546 0.549615 0.750151 0.559025 0.750151 0.559453 0.749546 0.568862 0.749546 0.569290 0.748941 0.570573 0.748336 0.571856 0.746522 0.571856 0.735632 0.571429 0.735027 0.571429 0.734422 0.571856 0.733817 0.571856 0.723533 0.572284 0.722928 0.572284 0.718088 0.571856 0.717483 0.571856 0.713854 0.571429 0.713249 0.571429 0.711434 0.571001 0.710829 0.571001 0.709014 0.570573 0.708409 0.570573 0.704779 0.570145 0.704174
0 0.571856 0.610405 0.570573 0.610405 0.570145 0.609800 0.562019 0.609800 0.561591 0.610405 0.556031 0.610405 0.555603 0.611010 0.552609 0.611010 0.552181 0.611615 0.550898 0.611615 0.550470 0.611010 0.547049 0.611010 0.544910 0.612220 0.517964 0.611615 0.517536 0.612220 0.516681 0.612220 0.515826 0.613430 0.515398 0.614640 0.515398 0.630974 0.516253 0.633999 0.516253 0.644283 0.515826 0.644888 0.515826 0.649123 0.516253 0.649728 0.516253 0.672111 0.517109 0.674531 0.517109 0.676951 0.516253 0.678766 0.516253 0.681186 0.515826 0.681791 0.515826 0.683001 0.516253 0.683606 0.516253 0.685420 0.517109 0.687840 0.517109 0.689050 0.516681 0.689655 0.516681 0.695100 0.517536 0.696915 0.518392 0.697520 0.527374 0.697520 0.527802 0.698125 0.529940 0.698125 0.530368 0.698730 0.535073 0.698730 0.535500 0.698125 0.556459 0.698125 0.560308 0.693890 0.560736 0.693890 0.562019 0.695705 0.564157 0.696915 0.568007 0.696915 0.571001 0.695100 0.571856 0.693890 0.571856 0.692680 0.570573 0.689655 0.570573 0.687840 0.572712 0.683001 0.572712 0.675136 0.573139 0.674531 0.573139 0.666667 0.572712 0.666062 0.572712 0.656382 0.573139 0.655777 0.573139 0.650938 0.572712 0.650333 0.572712 0.635814 0.573139 0.635209 0.573139 0.614035
0 0.473909 0.701754 0.473909 0.702964 0.473482 0.703569 0.473482 0.716273 0.473054 0.716878 0.473054 0.736237 0.473482 0.736842 0.473482 0.738052 0.474337 0.739867 0.474337 0.742892 0.473909 0.743497 0.473909 0.747731 0.474765 0.748941 0.475192 0.748941 0.476048 0.750151 0.480325 0.750151 0.480753 0.749546 0.487169 0.749546 0.487596 0.750151 0.498289 0.750151 0.498717 0.750756 0.502994 0.750756 0.503422 0.750151 0.506416 0.750151 0.506843 0.749546 0.508982 0.749546 0.510265 0.748336 0.510265 0.747126 0.510693 0.746522 0.510693 0.737447 0.510265 0.736842 0.510265 0.726558 0.510693 0.725953 0.510693 0.718693 0.510265 0.718088 0.510265 0.704174 0.509838 0.703569 0.509838 0.702359 0.508554 0.700544 0.508127 0.700544 0.507699 0.699939 0.502994 0.699939 0.502566 0.700544 0.501283 0.700544 0.500855 0.699939 0.490590 0.699939 0.490163 0.700544 0.489307 0.700544 0.488879 0.699939 0.479897 0.699939 0.479470 0.700544 0.475620 0.700544 0.475192 0.701149
0 0.452951 0.611615 0.451668 0.615850 0.451668 0.630974 0.452524 0.633999 0.452524 0.637628 0.452951 0.638233 0.452951 0.644283 0.453379 0.644888 0.453379 0.685420 0.453807 0.686025 0.453807 0.695100 0.454662 0.698125 0.456373 0.699939 0.461933 0.699939 0.462361 0.699335 0.463644 0.699335 0.464927 0.698125 0.467066 0.698125 0.467494 0.697520 0.471771 0.698125 0.472198 0.698730 0.474337 0.698730 0.474765 0.698125 0.482891 0.698125 0.483319 0.698730 0.493584 0.698730 0.494012 0.698125 0.497434 0.698125 0.497861 0.698730 0.506416 0.698730 0.508554 0.697520 0.510265 0.695100 0.510265 0.692680 0.510693 0.692075 0.510693 0.670901 0.511121 0.670296 0.511121 0.668482 0.510693 0.667877 0.510693 0.643678 0.510265 0.643073 0.510693 0.620085 0.510265 0.619480 0.510265 0.616455 0.509410 0.613430 0.508127 0.612220 0.506843 0.612220 0.506416 0.611615 0.491018 0.611615 0.490590 0.611010 0.488879 0.611010 0.488452 0.611615 0.467921 0.611615 0.467494 0.611010 0.461506 0.610405 0.461078 0.609800 0.455945 0.609800
0 0.456801 0.754991 0.456801 0.756201 0.456373 0.756806 0.456373 0.761041 0.456801 0.761645 0.456801 0.764065 0.456373 0.764670 0.456373 0.765880 0.455945 0.766485 0.455945 0.768300 0.455518 0.768905 0.455518 0.775560 0.455090 0.776165 0.455090 0.793103 0.455518 0.793708 0.455518 0.807018 0.456801 0.809437 0.457656 0.810042 0.459795 0.810042 0.460222 0.810647 0.482891 0.810647 0.483319 0.811252 0.491018 0.811252 0.491446 0.810647 0.492729 0.810647 0.493157 0.810042 0.505988 0.810042 0.506416 0.809437 0.508127 0.809437 0.508554 0.808832 0.509838 0.808832 0.510693 0.806413 0.510693 0.797943 0.510265 0.797338 0.510265 0.793103 0.509838 0.792498 0.509838 0.790079 0.509410 0.789474 0.509410 0.785844 0.509838 0.785239 0.509838 0.781609 0.510265 0.781004 0.509838 0.780399 0.509838 0.759831 0.509410 0.759226 0.509410 0.756806 0.508554 0.755596 0.508554 0.754991 0.507699 0.754386 0.503849 0.754386 0.503422 0.754991 0.501283 0.754991 0.499572 0.753781 0.491018 0.753781 0.490590 0.753176 0.487596 0.753176 0.487169 0.753781 0.482464 0.753781 0.482036 0.754386 0.481181 0.754386 0.480753 0.753781 0.473482 0.753781 0.473054 0.754386 0.472198 0.754386 0.470488 0.756201 0.468349 0.763460 0.465355 0.767695 0.464500 0.767695 0.461933 0.764065 0.461933 0.762855 0.463216 0.759226 0.463216 0.756806 0.462789 0.756201 0.462789 0.754991 0.461933 0.753176 0.458512 0.753176
0 0.452096 0.751966 0.446963 0.751966 0.446535 0.752571 0.444397 0.752571 0.443969 0.753176 0.430282 0.753176 0.429855 0.753781 0.420873 0.753781 0.420445 0.754386 0.417451 0.754386 0.417023 0.753781 0.410180 0.753781 0.409752 0.754386 0.398204 0.754386 0.396920 0.756201 0.396493 0.757411 0.396493 0.762250 0.396920 0.762855 0.396920 0.764065 0.396493 0.764670 0.396493 0.767090 0.396065 0.767695 0.396065 0.773140 0.396493 0.773745 0.396493 0.779794 0.396065 0.780399 0.396065 0.808227 0.396493 0.808832 0.396493 0.814277 0.396920 0.814882 0.396920 0.817302 0.396493 0.817907 0.396065 0.821537 0.395637 0.822142 0.395637 0.824561 0.396065 0.825166 0.395637 0.835451 0.396065 0.836056 0.396065 0.837266 0.397348 0.839080 0.398204 0.839685 0.413174 0.839685 0.413601 0.840290 0.416595 0.840290 0.417023 0.839685 0.427716 0.839685 0.428144 0.840290 0.429855 0.840290 0.430282 0.840895 0.447391 0.840895 0.447819 0.841500 0.449530 0.841500 0.449957 0.840895 0.452524 0.840895 0.454662 0.837871 0.455518 0.834846 0.455518 0.832426 0.455090 0.831821 0.455090 0.821537 0.454662 0.820932 0.454234 0.817302 0.453807 0.816697 0.453807 0.801573 0.453379 0.800968 0.453379 0.799758 0.453807 0.799153 0.453807 0.794918 0.454234 0.794313 0.454234 0.791894 0.453807 0.791289 0.453807 0.770115 0.454234 0.769510 0.453807 0.768905 0.453807 0.755596 0.453379 0.754991 0.453379 0.753781
0 0.449102 0.637024 0.448246 0.635814 0.447819 0.635814 0.446963 0.637024 0.445252 0.638233 0.443114 0.638233 0.442686 0.638838 0.438409 0.638838 0.437981 0.639443 0.418734 0.639443 0.418306 0.640048 0.413601 0.640048 0.413174 0.639443 0.409752 0.639443 0.409324 0.640048 0.407613 0.640048 0.407186 0.640653 0.405902 0.640653 0.405475 0.641258 0.398204 0.641258 0.397348 0.641863 0.396493 0.643073 0.396493 0.644283 0.396065 0.644888 0.396065 0.650333 0.396493 0.650938 0.396493 0.678161 0.396920 0.678766 0.396920 0.689050 0.397348 0.689655 0.397348 0.693890 0.397776 0.695100 0.398631 0.696310 0.401198 0.696310 0.401625 0.696915 0.404192 0.696915 0.404619 0.696310 0.409324 0.696310 0.409752 0.695705 0.411035 0.695705 0.411463 0.696310 0.412318 0.696310 0.412746 0.696915 0.414457 0.696915 0.414885 0.697520 0.420017 0.697520 0.420445 0.696915 0.427716 0.696915 0.428144 0.697520 0.428999 0.697520 0.429427 0.698125 0.431138 0.698125 0.431565 0.698730 0.442686 0.698730 0.443114 0.699335 0.448674 0.699335 0.450385 0.698125 0.451668 0.696310 0.452096 0.695100 0.452096 0.684211 0.452524 0.683606 0.452524 0.681186 0.452096 0.680581 0.452096 0.677556 0.451668 0.676951 0.451668 0.674531 0.452096 0.673926 0.452096 0.666062 0.451668 0.665457 0.451668 0.645493 0.451240 0.644888 0.451240 0.643073
0 0.390077 0.609800 0.388794 0.609800 0.388366 0.609195 0.378529 0.609195 0.378101 0.609800 0.372968 0.609800 0.372541 0.610405 0.370830 0.610405 0.370402 0.611010 0.366553 0.611010 0.366125 0.611615 0.365697 0.611010 0.362703 0.611010 0.362275 0.610405 0.360992 0.610405 0.360565 0.611010 0.349872 0.611010 0.349444 0.611615 0.336185 0.611615 0.334902 0.612825 0.334046 0.615850 0.334046 0.618270 0.333618 0.618875 0.333618 0.624924 0.334046 0.625529 0.333618 0.657592 0.334046 0.658197 0.334046 0.661827 0.333618 0.662432 0.333618 0.669691 0.333191 0.670296 0.333191 0.671506 0.333618 0.672111 0.333618 0.696310 0.335329 0.698730 0.343456 0.698730 0.344311 0.698125 0.344739 0.698730 0.345595 0.698730 0.349016 0.703569 0.350299 0.703569 0.353293 0.701754 0.356715 0.701149 0.361420 0.696310 0.369119 0.696310 0.369547 0.696915 0.371257 0.696915 0.371685 0.697520 0.375535 0.697520 0.377673 0.695705 0.381095 0.698125 0.384517 0.698125 0.384944 0.698730 0.386655 0.698730 0.387083 0.698125 0.390077 0.698125 0.390932 0.696915 0.391788 0.693890 0.391788 0.686630 0.391360 0.686025 0.391360 0.680581 0.391788 0.679976 0.391788 0.643073 0.391360 0.642468 0.391788 0.625529 0.391360 0.624924 0.391360 0.614035 0.390932 0.613430 0.390932 0.611615
0 0.277160 0.644888 0.277160 0.645493 0.276732 0.646098 0.276732 0.651543 0.277160 0.652148 0.277160 0.654567 0.276732 0.655172 0.276732 0.660012 0.277160 0.660617 0.277160 0.683001 0.276732 0.683606 0.276732 0.689050 0.277160 0.689655 0.277160 0.693285 0.277588 0.693890 0.277588 0.695100 0.278871 0.697520 0.281009 0.697520 0.281437 0.696915 0.289136 0.696915 0.289564 0.696310 0.290847 0.696310 0.291275 0.696915 0.292558 0.696915 0.292985 0.697520 0.295979 0.697520 0.296407 0.698125 0.312233 0.698125 0.312660 0.697520 0.315654 0.697520 0.316082 0.696915 0.317365 0.696915 0.319076 0.695100 0.319504 0.695100 0.320359 0.693890 0.321642 0.693890 0.322070 0.694495 0.324209 0.695100 0.325492 0.696310 0.328914 0.696310 0.330624 0.694495 0.330624 0.693890 0.331052 0.693285 0.331052 0.692075 0.330624 0.691470 0.330624 0.689050 0.330197 0.688445 0.330197 0.684815 0.330624 0.684211 0.330624 0.682396 0.331052 0.681791 0.331052 0.681186 0.331908 0.679371 0.331908 0.678161 0.332335 0.677556 0.332335 0.661222 0.331908 0.660617 0.331908 0.650333 0.331480 0.649728 0.331480 0.646098 0.330197 0.643678 0.329341 0.643678 0.328914 0.643073 0.323353 0.643073 0.322926 0.643678 0.321642 0.643678 0.321215 0.644283 0.318648 0.644283 0.318221 0.643678 0.316938 0.643678 0.315654 0.642468 0.314371 0.642468 0.313944 0.641863 0.310950 0.641863 0.310522 0.641258 0.291702 0.641258 0.291275 0.641863 0.288281 0.641863 0.287853 0.642468 0.285287 0.642468 0.284859 0.643073 0.278871 0.643073
0 0.278015 0.702359 0.278015 0.702964 0.277588 0.703569 0.277588 0.704779 0.277160 0.705384 0.277160 0.711434 0.277588 0.712039 0.277588 0.713249 0.277160 0.713854 0.277160 0.738657 0.277588 0.739262 0.277588 0.742892 0.277160 0.743497 0.277160 0.747126 0.277588 0.747731 0.277588 0.748941 0.278015 0.749546 0.278015 0.750151 0.278871 0.751361 0.280582 0.751361 0.281009 0.750756 0.299829 0.750756 0.300257 0.751361 0.304962 0.751361 0.305389 0.750756 0.312660 0.750756 0.313088 0.750151 0.313516 0.750151 0.314371 0.748941 0.314371 0.748336 0.314799 0.747731 0.314799 0.743497 0.314371 0.742892 0.314371 0.739262 0.314799 0.738657 0.314799 0.736237 0.315227 0.735632 0.315227 0.717483 0.314799 0.716878 0.314799 0.713854 0.314371 0.713249 0.314371 0.709014 0.314799 0.708409 0.314799 0.704174 0.314371 0.703569 0.314371 0.702964 0.313516 0.701754 0.313088 0.701754 0.312660 0.701149 0.294269 0.701149 0.293841 0.701754 0.292130 0.701754 0.291702 0.702359 0.281865 0.702359 0.281437 0.701754 0.279726 0.701754 0.279299 0.701149
0 0.278443 0.752571 0.276732 0.755596 0.276732 0.756806 0.276305 0.757411 0.276305 0.766485 0.275877 0.767090 0.275877 0.771930 0.276305 0.772535 0.276305 0.774955 0.276732 0.775560 0.276732 0.777374 0.276305 0.777979 0.276305 0.795523 0.276732 0.796128 0.276732 0.800968 0.276305 0.801573 0.276305 0.810647 0.276732 0.811252 0.276732 0.820932 0.277160 0.821537 0.277160 0.825166 0.276732 0.825771 0.276732 0.835451 0.277160 0.836056 0.277160 0.837266 0.278871 0.839685 0.280582 0.839685 0.281009 0.840290 0.284431 0.840290 0.284859 0.840895 0.310950 0.840895 0.311377 0.841500 0.316082 0.841500 0.316510 0.842105 0.322070 0.842105 0.322498 0.841500 0.331908 0.841500 0.332763 0.840895 0.334046 0.838476 0.334474 0.834846 0.334902 0.834241 0.334902 0.831216 0.334474 0.830611 0.334902 0.822142 0.334474 0.821537 0.334474 0.817907 0.334046 0.817302 0.334046 0.810647 0.334902 0.807622 0.334902 0.788869 0.334474 0.788264 0.334474 0.785844 0.334902 0.785239 0.334902 0.780399 0.334474 0.779794 0.334474 0.777979 0.333618 0.775560 0.333618 0.774350 0.334046 0.773745 0.334046 0.756806 0.333618 0.755596 0.331908 0.753781 0.327203 0.753781 0.326775 0.753176 0.323353 0.753176 0.322070 0.754386 0.319504 0.754991 0.319076 0.754386 0.317365 0.754386 0.316938 0.753781 0.296407 0.753781 0.295979 0.753176 0.289991 0.753176 0.289564 0.752571
0 0.363559 0.754991 0.362703 0.756806 0.362703 0.770720 0.362275 0.771325 0.362275 0.780399 0.362703 0.781004 0.362703 0.781609 0.362275 0.782214 0.362275 0.794313 0.361848 0.794918 0.361848 0.807018 0.362275 0.807622 0.362275 0.808832 0.363131 0.810042 0.364414 0.810042 0.364842 0.810647 0.370830 0.810647 0.371257 0.811252 0.372541 0.811252 0.372968 0.811857 0.374252 0.811857 0.374679 0.812462 0.377673 0.812462 0.378101 0.811857 0.380667 0.811857 0.381095 0.811252 0.385372 0.811252 0.385800 0.810647 0.390505 0.810647 0.390932 0.810042 0.391360 0.810042 0.392216 0.808227 0.392216 0.797338 0.391788 0.796733 0.391788 0.758621 0.391360 0.758016 0.391360 0.756201 0.390932 0.755596 0.390932 0.754991 0.390505 0.754991 0.390077 0.754386 0.381095 0.754386 0.380667 0.753781 0.376818 0.753781 0.376390 0.754386 0.369119 0.754386 0.368691 0.753781 0.365269 0.753781 0.364842 0.754386
0 0.675791 0.554749 0.676219 0.555354 0.676647 0.566848 0.681779 0.570478 0.676647 0.572898 0.676219 0.574713 0.676647 0.583787 0.677930 0.582577 0.683490 0.580762 0.692900 0.580762 0.696749 0.583787 0.703593 0.583182 0.704021 0.582577 0.707442 0.583787 0.710436 0.583787 0.713003 0.581972 0.722412 0.581367 0.726689 0.582577 0.729256 0.581367 0.731822 0.581367 0.733533 0.581972 0.734816 0.583787 0.733961 0.586812 0.734388 0.595886 0.734816 0.596491 0.734816 0.602541 0.733961 0.607381 0.735672 0.611615 0.738238 0.612220 0.742515 0.611010 0.745509 0.612825 0.760907 0.612825 0.761334 0.613430 0.763473 0.613430 0.766039 0.612220 0.770316 0.612220 0.770744 0.612825 0.775021 0.611615 0.778015 0.612825 0.786997 0.612220 0.787425 0.612825 0.789564 0.612825 0.791275 0.614640 0.792130 0.614035 0.792985 0.608590 0.792558 0.562613 0.793841 0.558984 0.793841 0.554749 0.789136 0.554144 0.788708 0.553539 0.786570 0.553539 0.786142 0.554144 0.776304 0.554144 0.775877 0.554749 0.771600 0.554749 0.771172 0.554144 0.733533 0.554749 0.733105 0.554144 0.697605 0.554144 0.697177 0.553539 0.679641 0.554144 0.679213 0.553539 0.676219 0.553539
0 0.739243 0.669740 0.737350 0.694902 0.679060 0.696508 0.679817 0.716316 0.790720 0.718458 0.791856 0.665457
0 0.733187 0.691154 0.681331 0.690084 0.680195 0.584082 0.732430 0.584617
0 0.760439 0.663315 0.738486 0.662780 0.738486 0.616739 0.759682 0.615133
0 0.799401 0.670296 0.799401 0.684815 0.798974 0.685420 0.799401 0.708409 0.798974 0.709014 0.798974 0.711434 0.799401 0.712039 0.799401 0.716878 0.799829 0.718088 0.802395 0.719903 0.809666 0.720508 0.810094 0.719903 0.864414 0.719903 0.864842 0.719298 0.866980 0.719298 0.867408 0.719903 0.872968 0.719903 0.873396 0.719298 0.884517 0.719298 0.884944 0.719903 0.892643 0.719298 0.893071 0.719903 0.897776 0.719903 0.898204 0.719298 0.899914 0.719298 0.900342 0.719903 0.903764 0.720508 0.904192 0.719903 0.911463 0.719903 0.913601 0.718088 0.913601 0.700544 0.913174 0.699939 0.913174 0.698125 0.911463 0.695100 0.901625 0.695100 0.899487 0.696310 0.895210 0.696310 0.894782 0.695705 0.893927 0.696310 0.891360 0.696310 0.890932 0.695705 0.886228 0.695100 0.884089 0.696310 0.875535 0.696310 0.875107 0.696915 0.872541 0.695705 0.869547 0.695705 0.866980 0.697520 0.859709 0.696915 0.859281 0.696310 0.855860 0.696310 0.854577 0.695705 0.853721 0.694495 0.853721 0.684815 0.853293 0.684211 0.853293 0.681791 0.853721 0.681186 0.853721 0.670901 0.852866 0.667877 0.851155 0.665457 0.849872 0.664852 0.847305 0.664852 0.846878 0.665457 0.837468 0.665457 0.837040 0.666062 0.824209 0.666062 0.823781 0.666667 0.805389 0.666062 0.804962 0.666667 0.800684 0.667272
0 0.912318 0.574108 0.911463 0.574108 0.910180 0.576528 0.908469 0.577737 0.904619 0.578342 0.904192 0.578947 0.893071 0.578947 0.892643 0.578342 0.888794 0.578342 0.888366 0.578947 0.878101 0.578947 0.875535 0.577737 0.863559 0.577737 0.863131 0.578342 0.861420 0.578342 0.859281 0.577133 0.856287 0.577133 0.855004 0.577737 0.854149 0.578947 0.854149 0.580762 0.853721 0.581367 0.853721 0.584392 0.854149 0.584997 0.854149 0.606171 0.855004 0.609195 0.854577 0.640653 0.855004 0.641258 0.855004 0.660012 0.855432 0.660617 0.855432 0.666062 0.855004 0.666667 0.855004 0.670296 0.854577 0.670901 0.854577 0.689655 0.855432 0.693285 0.856715 0.693890 0.875535 0.693890 0.875962 0.694495 0.893927 0.694495 0.894354 0.693890 0.895637 0.693890 0.896065 0.694495 0.912318 0.694495 0.914885 0.692075 0.916168 0.688445 0.915740 0.680581 0.915312 0.679976 0.915312 0.647913 0.914885 0.647308 0.915312 0.646098 0.915312 0.638233 0.914885 0.637628 0.914885 0.585602 0.914457 0.584997 0.914029 0.578947
0 0.798546 0.556564 0.798546 0.561404 0.798974 0.562009 0.798974 0.566848 0.798546 0.567453 0.798546 0.583787 0.798974 0.584392 0.798974 0.598306 0.799401 0.598911 0.799401 0.604356 0.799829 0.606171 0.801112 0.608590 0.802395 0.609195 0.815227 0.609195 0.815654 0.608590 0.836185 0.608590 0.836613 0.607985 0.840034 0.607985 0.840462 0.607381 0.845595 0.607985 0.849872 0.606171 0.850727 0.604356 0.850727 0.601331 0.852866 0.595281 0.852866 0.585602 0.852438 0.584997 0.852438 0.581972 0.854149 0.578947 0.855860 0.577737 0.874679 0.577737 0.876818 0.578947 0.908897 0.578947 0.909324 0.579552 0.912318 0.579552 0.914029 0.577737 0.913601 0.568058 0.914029 0.567453 0.914457 0.556564 0.915312 0.554144 0.911035 0.553539 0.910607 0.554144 0.900342 0.554144 0.899914 0.554749 0.899487 0.554144 0.879384 0.554144 0.878956 0.553539 0.875962 0.553539 0.875535 0.554144 0.864414 0.554144 0.863986 0.553539 0.859709 0.553539 0.859281 0.554144 0.846878 0.554144 0.846450 0.553539 0.843884 0.553539 0.843456 0.554144 0.830197 0.554144 0.829769 0.553539 0.826775 0.553539 0.826347 0.554144 0.815227 0.554144 0.814799 0.553539 0.810522 0.553539 0.810094 0.554144 0.799401 0.554144