0 0.159407 0.405648 0.159105 0.406932 0.159710 0.410355 0.159710 0.415062 0.159407 0.415490 0.159710 0.466838 0.160315 0.469405 0.160617 0.476252 0.161524 0.477963 0.162734 0.478819 0.166062 0.478819 0.166364 0.479247 0.170296 0.477963 0.175741 0.478391 0.176044 0.478819 0.180883 0.478819 0.183303 0.477963 0.191168 0.477963 0.194495 0.478819 0.200544 0.478819 0.200847 0.478391 0.204477 0.477963 0.207804 0.476252 0.211736 0.476252 0.212946 0.478391 0.212946 0.480958 0.215064 0.482242 0.217786 0.482242 0.219601 0.481386 0.224440 0.480531 0.225348 0.479247 0.227465 0.472401 0.227465 0.463415 0.227768 0.462987 0.227768 0.458280 0.228070 0.457852 0.227768 0.457424 0.227768 0.439024 0.228070 0.438596 0.227768 0.412923 0.228070 0.410783 0.227768 0.410355 0.227768 0.407360 0.226860 0.406076 0.225348 0.405220 0.210224 0.405220 0.209921 0.404792 0.197822 0.404792 0.197520 0.405220 0.192680 0.405220 0.192377 0.404792 0.176951 0.404792 0.176649 0.405220 0.167877 0.404792 0.167574 0.405220 0.163339 0.403081 0.162129 0.403081 0.160315 0.404365
0 0.233817 0.408644 0.232607 0.413350 0.232607 0.418913 0.233515 0.423620 0.232910 0.439024 0.233515 0.447154 0.232910 0.466838 0.233515 0.469833 0.233212 0.489516 0.235027 0.494223 0.235027 0.495935 0.233817 0.498930 0.232910 0.504065 0.232910 0.528883 0.234120 0.530595 0.239262 0.531878 0.246521 0.531878 0.251059 0.530167 0.254991 0.530167 0.260738 0.532306 0.269510 0.532306 0.274047 0.531451 0.275560 0.530595 0.276165 0.529311 0.275257 0.524176 0.275560 0.522037 0.277677 0.519897 0.279794 0.519897 0.281912 0.522465 0.282214 0.527599 0.283122 0.530595 0.286146 0.532734 0.287054 0.532306 0.287961 0.530595 0.288566 0.526316 0.288566 0.522465 0.287659 0.519041 0.288566 0.514763 0.287961 0.436029 0.287356 0.430039 0.286449 0.427043 0.284332 0.429611 0.277979 0.432606 0.274652 0.433462 0.265880 0.433462 0.263763 0.437313 0.263763 0.440736 0.263158 0.443303 0.258318 0.450150 0.257411 0.450150 0.254688 0.446299 0.253479 0.442448 0.251664 0.430894 0.251664 0.422336 0.251361 0.421053 0.249244 0.418913 0.248336 0.416774 0.248941 0.413350 0.248639 0.408216 0.246824 0.406932 0.237447 0.406932
0 0.293103 0.434745 0.292498 0.436457 0.292196 0.442875 0.293103 0.448438 0.292498 0.467266 0.293406 0.470261 0.293406 0.473256 0.292801 0.476252 0.292498 0.487377 0.291894 0.491228 0.290684 0.494651 0.290079 0.501070 0.290684 0.503637 0.290684 0.513907 0.292801 0.519469 0.293708 0.527172 0.294918 0.529739 0.368119 0.529739 0.369933 0.529311 0.372656 0.527172 0.378100 0.519041 0.379008 0.515190 0.379613 0.498074 0.379008 0.493795 0.379008 0.462987 0.377495 0.455712 0.377495 0.450578 0.378403 0.440736 0.376890 0.436457 0.374773 0.435173 0.365699 0.435173 0.362976 0.436029 0.350272 0.435601 0.345735 0.436457 0.341803 0.435601 0.335753 0.435601 0.326679 0.436457 0.325166 0.435601 0.321839 0.435173 0.315185 0.435601 0.311252 0.435173 0.308832 0.433890 0.301270 0.434317 0.299153 0.433462 0.294313 0.433462
0 0.375681 0.540436 0.372051 0.537441 0.369328 0.536585 0.365699 0.536585 0.362069 0.537869 0.348760 0.538297 0.346642 0.540864 0.345735 0.546855 0.345130 0.547711 0.343920 0.548139 0.341500 0.545143 0.339988 0.545143 0.337266 0.548994 0.336358 0.549422 0.333031 0.545143 0.325771 0.545143 0.320932 0.542148 0.312462 0.542148 0.309740 0.543860 0.308530 0.545571 0.307925 0.548994 0.308530 0.551134 0.308530 0.559692 0.309740 0.563543 0.309437 0.572529 0.310042 0.587505 0.309437 0.626444 0.310345 0.637570 0.309437 0.646128 0.309437 0.659392 0.311252 0.662816 0.316697 0.663243 0.321234 0.662388 0.323654 0.661104 0.327586 0.661104 0.330913 0.662388 0.350575 0.662388 0.361766 0.661532 0.364186 0.662388 0.370538 0.661960 0.374168 0.663243 0.378100 0.661960 0.379915 0.659820 0.380520 0.656397 0.380823 0.646555 0.379008 0.640565 0.381125 0.625588 0.381125 0.620881 0.380520 0.617886 0.381125 0.609328 0.380520 0.587933 0.381125 0.580231 0.379310 0.560120 0.379310 0.552846 0.377193 0.542576
0 0.233515 0.536585 0.232305 0.540009 0.231700 0.545571 0.231397 0.587077 0.230792 0.592212 0.230792 0.645700 0.230490 0.653830 0.229583 0.658537 0.230490 0.663243 0.232607 0.665383 0.253781 0.664099 0.262250 0.665383 0.274350 0.664955 0.277979 0.666239 0.283122 0.664527 0.287961 0.665383 0.294313 0.664099 0.298548 0.665383 0.304295 0.665383 0.307925 0.663671 0.308832 0.662388 0.309437 0.659392 0.309135 0.581943 0.309740 0.569106 0.308832 0.563543 0.310345 0.559692 0.310345 0.555841 0.309740 0.553273 0.310345 0.546427 0.308832 0.542148 0.307320 0.540436 0.304598 0.541292 0.299153 0.541292 0.295523 0.544288 0.294011 0.544288 0.288869 0.541720 0.278282 0.541292 0.275560 0.540009 0.269510 0.540436 0.260436 0.539153 0.248941 0.540009 0.245312 0.536585 0.241984 0.537869 0.238052 0.536585
0 0.226558 0.593496 0.225348 0.591784 0.217181 0.592640 0.213551 0.590929 0.205082 0.590501 0.204779 0.590073 0.197822 0.590501 0.197520 0.590929 0.192075 0.590929 0.191773 0.591356 0.188143 0.591356 0.187840 0.591784 0.177253 0.592212 0.175439 0.593068 0.171204 0.592640 0.168179 0.591356 0.166062 0.591356 0.162734 0.592640 0.161827 0.593924 0.161222 0.597775 0.161222 0.614035 0.160920 0.614463 0.160920 0.632863 0.160617 0.633291 0.160617 0.639281 0.160315 0.639709 0.160315 0.654685 0.160012 0.655113 0.160012 0.658537 0.159105 0.662816 0.159105 0.664955 0.159710 0.665811 0.162432 0.667095 0.166364 0.665811 0.169994 0.665811 0.170599 0.665383 0.176649 0.667095 0.181186 0.667095 0.181488 0.666667 0.185118 0.666239 0.185420 0.666667 0.192377 0.666667 0.195100 0.667522 0.199637 0.666239 0.205989 0.666239 0.206292 0.666667 0.211131 0.666667 0.212039 0.667095 0.216576 0.664099 0.221113 0.664099 0.223533 0.665811 0.225650 0.665811 0.226860 0.664099 0.227768 0.659820 0.227768 0.657253 0.227163 0.654258 0.227465 0.643560 0.227163 0.643132 0.227163 0.632007 0.226860 0.631579 0.226860 0.626872 0.227163 0.626444 0.227163 0.620881 0.226860 0.620454 0.227163 0.596919
0 0.225348 0.476252 0.223835 0.476680 0.220206 0.480103 0.212341 0.481386 0.208711 0.477535 0.200544 0.477535 0.195402 0.478819 0.171506 0.478819 0.166364 0.477963 0.163037 0.479247 0.160920 0.481386 0.160617 0.488661 0.161524 0.494651 0.160920 0.497647 0.160920 0.508772 0.160315 0.510484 0.160315 0.512623 0.162129 0.519041 0.163339 0.526744 0.163944 0.528455 0.167877 0.534018 0.167877 0.535302 0.165154 0.537869 0.163642 0.542148 0.162129 0.544715 0.160920 0.549422 0.160617 0.581943 0.161827 0.587505 0.162129 0.594780 0.163339 0.597347 0.166364 0.593068 0.167272 0.592640 0.175439 0.593924 0.178161 0.592212 0.184513 0.592640 0.191168 0.590929 0.195402 0.590929 0.200544 0.593068 0.205082 0.592212 0.207199 0.590929 0.208711 0.588789 0.212644 0.588361 0.216273 0.589645 0.218391 0.588361 0.221113 0.587933 0.225348 0.589645 0.228373 0.586650 0.228978 0.582798 0.228978 0.563543 0.228070 0.559692 0.228675 0.554557 0.228675 0.542148 0.227768 0.538297 0.225650 0.535302 0.225650 0.533162 0.228373 0.524176 0.228978 0.517758 0.228978 0.504921 0.226860 0.500214 0.227465 0.482242
0 0.618270 0.590929 0.617362 0.589645 0.613733 0.589217 0.609195 0.587505 0.604961 0.587505 0.601331 0.588789 0.589837 0.588789 0.589534 0.588361 0.589232 0.588789 0.585904 0.588789 0.585602 0.589217 0.576830 0.589217 0.576528 0.589645 0.571385 0.589645 0.571083 0.590073 0.562916 0.590073 0.560496 0.589217 0.556564 0.589217 0.555051 0.590929 0.554446 0.593496 0.554446 0.596919 0.554749 0.597347 0.554446 0.612323 0.554144 0.612751 0.554446 0.627300 0.554144 0.627728 0.554144 0.632435 0.553841 0.632863 0.553841 0.637142 0.553539 0.637570 0.553841 0.647839 0.553539 0.648267 0.553539 0.652118 0.553237 0.652546 0.553237 0.662816 0.553539 0.663671 0.557169 0.664955 0.560194 0.664955 0.563218 0.662388 0.567756 0.661532 0.569873 0.662388 0.571385 0.663671 0.574108 0.664527 0.577132 0.664527 0.581065 0.662388 0.581367 0.662816 0.586207 0.662816 0.591349 0.664527 0.594676 0.664527 0.594979 0.664099 0.598609 0.663671 0.598911 0.664099 0.601331 0.664099 0.604356 0.666239 0.609195 0.666239 0.610103 0.664955 0.611313 0.660248 0.613128 0.655541 0.614943 0.655113 0.617362 0.657253 0.618270 0.655113 0.618875 0.652118 0.618875 0.643988 0.618270 0.639709 0.618572 0.639281 0.618875 0.627300 0.619177 0.626872 0.619177 0.621737 0.618572 0.618742 0.619177 0.596919
0 0.628554 0.536585 0.626437 0.541292 0.625529 0.546427 0.625529 0.572957 0.626134 0.575952 0.625832 0.582371 0.626437 0.590929 0.625832 0.595635 0.626134 0.614463 0.625529 0.632435 0.624622 0.638853 0.624319 0.655113 0.625529 0.659392 0.626437 0.660676 0.628857 0.661104 0.632789 0.660248 0.636116 0.660248 0.637931 0.661104 0.643376 0.660248 0.645796 0.661532 0.651543 0.660676 0.654567 0.661960 0.659407 0.661960 0.662734 0.660676 0.667574 0.660248 0.671809 0.662816 0.676044 0.661960 0.679673 0.658964 0.684211 0.658964 0.687235 0.661532 0.691168 0.660676 0.696612 0.661532 0.699032 0.659820 0.699939 0.658537 0.700847 0.655113 0.700847 0.633291 0.699939 0.629439 0.700544 0.617030 0.699939 0.596063 0.700242 0.573813 0.699939 0.563971 0.698730 0.559264 0.699335 0.554557 0.699335 0.547283 0.698427 0.543860 0.696915 0.542148 0.695100 0.543432 0.693890 0.547711 0.692982 0.556269 0.691773 0.557552 0.686933 0.550706 0.683606 0.542148 0.680883 0.539581 0.674229 0.540009 0.667877 0.537441 0.664247 0.538297 0.645796 0.538725 0.638838 0.537013 0.634301 0.537441 0.631276 0.536157
0 0.767998 0.537013 0.763158 0.534874 0.757411 0.535302 0.754084 0.534018 0.735632 0.534018 0.735330 0.534446 0.726558 0.534446 0.726255 0.534874 0.721416 0.534446 0.718693 0.535302 0.717483 0.536585 0.714156 0.537869 0.705687 0.537869 0.705384 0.537441 0.704174 0.539153 0.702964 0.550278 0.702964 0.560976 0.703569 0.567822 0.703267 0.588789 0.703872 0.592640 0.703872 0.600342 0.703267 0.602910 0.702964 0.624305 0.703569 0.629012 0.704779 0.631151 0.708106 0.632435 0.710526 0.631579 0.711736 0.629867 0.713249 0.624305 0.713854 0.625160 0.714459 0.628156 0.716878 0.631579 0.722323 0.629867 0.724743 0.627728 0.727768 0.629867 0.730490 0.630295 0.733212 0.629439 0.747429 0.629867 0.749244 0.629012 0.756503 0.629867 0.763460 0.627300 0.767695 0.627300 0.769208 0.628156 0.770720 0.628156 0.771325 0.627300 0.771930 0.625160 0.771627 0.597347 0.771930 0.596919 0.772232 0.577664 0.771627 0.570389 0.771930 0.569961 0.771627 0.558836 0.772232 0.554985 0.772232 0.546855 0.769812 0.539581
0 0.683606 0.429183 0.683606 0.436029 0.683001 0.441592 0.683001 0.456140 0.683606 0.459136 0.683001 0.469833 0.683303 0.500214 0.682093 0.505777 0.682093 0.509200 0.682698 0.514335 0.684211 0.518186 0.685118 0.525888 0.686328 0.528027 0.687840 0.528883 0.692680 0.528883 0.696310 0.527599 0.722323 0.527599 0.740472 0.528455 0.745009 0.527599 0.751059 0.528027 0.755898 0.527172 0.763460 0.524604 0.767393 0.521181 0.770115 0.516474 0.771325 0.510484 0.770720 0.436885 0.770115 0.433034 0.768300 0.430039 0.761343 0.429611 0.759226 0.428755 0.747429 0.428327 0.734725 0.428755 0.728978 0.430039 0.719903 0.429611 0.716576 0.428755 0.702057 0.428755 0.695100 0.427899 0.686025 0.427899 0.684513 0.427043
0 0.554446 0.401797 0.553539 0.404365 0.553841 0.415062 0.553237 0.418913 0.553237 0.434745 0.553539 0.435173 0.553237 0.443303 0.553539 0.443731 0.553539 0.458280 0.553841 0.458708 0.553539 0.467266 0.553841 0.467694 0.554144 0.473684 0.555354 0.476680 0.556261 0.477107 0.560496 0.475824 0.560799 0.476252 0.571385 0.476252 0.571688 0.476680 0.594676 0.477107 0.596491 0.476252 0.602238 0.475824 0.604658 0.477107 0.608893 0.477107 0.614035 0.478819 0.617060 0.477535 0.619177 0.475396 0.620085 0.471973 0.620387 0.464698 0.620992 0.462131 0.620992 0.456996 0.620387 0.453145 0.620387 0.447154 0.620992 0.444159 0.620992 0.428327 0.620690 0.427899 0.620992 0.410783 0.622505 0.406504 0.622202 0.405220 0.620690 0.403081 0.617665 0.401797 0.612220 0.401797 0.610103 0.402653 0.604053 0.402225 0.601633 0.403081 0.598911 0.402225 0.587719 0.402225 0.585299 0.403081 0.575015 0.403509 0.569268 0.401797 0.558681 0.401369 0.556564 0.400513 0.555051 0.400941
0 0.555051 0.475824 0.554144 0.477107 0.553841 0.478819 0.554144 0.495935 0.553539 0.499786 0.553237 0.514335 0.553841 0.518614 0.553539 0.534874 0.554749 0.540864 0.553237 0.545999 0.553237 0.549850 0.555051 0.557552 0.555051 0.560120 0.553841 0.564399 0.554144 0.575524 0.553841 0.581087 0.555051 0.584938 0.557169 0.586650 0.559891 0.587077 0.564126 0.584938 0.577737 0.585366 0.579855 0.584510 0.593466 0.584938 0.597399 0.583654 0.601936 0.583654 0.604961 0.582371 0.608893 0.582798 0.611010 0.584082 0.615547 0.584938 0.618572 0.584938 0.621295 0.583226 0.621597 0.544288 0.621295 0.539581 0.620387 0.536157 0.620387 0.532734 0.621295 0.528455 0.621597 0.523748 0.621295 0.521609 0.619480 0.517758 0.621295 0.516046 0.622202 0.513479 0.622505 0.502353 0.621597 0.498502 0.618875 0.494651 0.619177 0.492940 0.620992 0.489089 0.621295 0.485237 0.620992 0.480958 0.619782 0.477535 0.617665 0.474968 0.613430 0.476252 0.609498 0.479675 0.606776 0.479675 0.604356 0.476680 0.601331 0.474968 0.589534 0.475396 0.570478 0.474968
0 0.679371 0.270432 0.676044 0.267009 0.670901 0.267009 0.667877 0.269148 0.663944 0.273855 0.660012 0.274711 0.656382 0.270860 0.651240 0.267437 0.636721 0.267865 0.631579 0.268721 0.604053 0.268293 0.598004 0.270004 0.595584 0.272144 0.594979 0.279418 0.595281 0.289688 0.594676 0.293539 0.595281 0.299957 0.594676 0.329054 0.594979 0.391100 0.595886 0.393667 0.602238 0.395379 0.627344 0.394523 0.643073 0.394951 0.650030 0.392811 0.659710 0.393239 0.663944 0.394523 0.666969 0.393667 0.671204 0.394095 0.675136 0.388960 0.676346 0.388960 0.679068 0.391955 0.680278 0.391955 0.681488 0.390244 0.681791 0.386821 0.680883 0.383398 0.681186 0.375695 0.680581 0.373556 0.680581 0.369277 0.681186 0.366709 0.680581 0.361147 0.680883 0.352161 0.679371 0.332478 0.680278 0.325631 0.679976 0.272572
0 0.682396 0.268721 0.681488 0.270004 0.680883 0.272144 0.680883 0.283269 0.681186 0.283697 0.681186 0.293539 0.681488 0.293967 0.680883 0.326915 0.681488 0.331622 0.681488 0.336329 0.682698 0.341463 0.682396 0.366709 0.683908 0.376123 0.683908 0.388532 0.684211 0.389388 0.686630 0.391100 0.696612 0.391100 0.702057 0.392811 0.713854 0.392811 0.716878 0.391528 0.718391 0.391955 0.728978 0.391528 0.730188 0.389816 0.730188 0.386393 0.729280 0.382542 0.730188 0.371416 0.730188 0.365426 0.729885 0.364998 0.729885 0.344887 0.729583 0.344459 0.729885 0.332050 0.729583 0.331622 0.729583 0.323492 0.729280 0.323064 0.729583 0.311511 0.728978 0.307232 0.729280 0.286264 0.728978 0.285837 0.728675 0.273427 0.728070 0.270432 0.725045 0.268293 0.719903 0.268721 0.714459 0.267865 0.711736 0.267865 0.709316 0.268721 0.703569 0.268721 0.701149 0.267865 0.698730 0.268293 0.683606 0.267865