0 0.608104 0.347305 0.609011 0.359709 0.608709 0.396493 0.609011 0.401625 0.609918 0.406330 0.609616 0.418306 0.609011 0.421300 0.609011 0.426433 0.609314 0.426861 0.609011 0.443969 0.609616 0.447391 0.610826 0.449530 0.612640 0.450385 0.628364 0.450385 0.628666 0.450813 0.631388 0.450813 0.633202 0.449957 0.638040 0.449957 0.646205 0.451240 0.652253 0.451240 0.652555 0.450813 0.672210 0.451240 0.676142 0.450385 0.679165 0.451668 0.681282 0.451668 0.683701 0.450385 0.684306 0.448246 0.684004 0.422583 0.683399 0.420445 0.682794 0.414457 0.681585 0.411035 0.679165 0.406758 0.677351 0.405475 0.672513 0.398631 0.671606 0.396065 0.668582 0.391788 0.667675 0.389649 0.661022 0.380240 0.654672 0.369974 0.651346 0.366980 0.646205 0.359709 0.644693 0.358854 0.639855 0.351583 0.639250 0.348589 0.638343 0.347305 0.634412 0.346022 0.627457 0.345167 0.624735 0.345595 0.622619 0.347733 0.621409 0.347733 0.619897 0.346022 0.615664 0.345167 0.609616 0.345595
0 0.607197 0.347733 0.605987 0.346022 0.604173 0.345595 0.603871 0.345167 0.602661 0.345167 0.602359 0.344739 0.591170 0.344739 0.590868 0.344311 0.585122 0.343884 0.584820 0.343456 0.582401 0.343456 0.582099 0.343028 0.579377 0.343028 0.579075 0.343456 0.571817 0.343456 0.571515 0.343884 0.566374 0.344311 0.564560 0.345167 0.553372 0.345167 0.553069 0.344739 0.551860 0.344739 0.549743 0.346022 0.548836 0.348161 0.548836 0.369547 0.549138 0.369974 0.549138 0.375107 0.548836 0.375535 0.548836 0.377246 0.549138 0.377673 0.549138 0.387083 0.548836 0.387511 0.548836 0.390077 0.549138 0.390505 0.549138 0.396920 0.548836 0.397348 0.548836 0.400770 0.549743 0.404192 0.550952 0.405475 0.555488 0.405475 0.555791 0.405047 0.570003 0.405047 0.570305 0.405475 0.575446 0.405475 0.575748 0.405047 0.577563 0.405047 0.577865 0.405475 0.596008 0.405902 0.596311 0.406330 0.597823 0.406330 0.598125 0.405902 0.605685 0.405902 0.606592 0.405475 0.607802 0.403764 0.607802 0.402481 0.608104 0.402053 0.607802 0.394782 0.607499 0.394354 0.607499 0.368263 0.607197 0.367836 0.607197 0.362275 0.607499 0.361848 0.607499 0.348589
0 0.551557 0.404619 0.549743 0.407613 0.548533 0.411891 0.548836 0.443114 0.549441 0.444825 0.550952 0.446963 0.551860 0.447391 0.553069 0.447391 0.553372 0.446963 0.561536 0.447391 0.561839 0.447819 0.563350 0.447819 0.564560 0.449530 0.565165 0.452951 0.564862 0.454234 0.564862 0.458512 0.564560 0.458939 0.564560 0.460650 0.564862 0.461078 0.564862 0.481608 0.565467 0.484174 0.567282 0.486313 0.576958 0.486313 0.580587 0.484602 0.582703 0.484602 0.583006 0.485030 0.601149 0.485030 0.603871 0.483319 0.604475 0.482036 0.605383 0.476903 0.605383 0.471343 0.606894 0.465783 0.607499 0.446963 0.608104 0.443969 0.607802 0.417879 0.607499 0.417451 0.607499 0.414457 0.607197 0.414029 0.606894 0.410180 0.605685 0.406330 0.605080 0.405475 0.598428 0.405902 0.598125 0.406330 0.584215 0.406330 0.583913 0.405902 0.574236 0.405902 0.571817 0.405047 0.566677 0.405047 0.566374 0.404619 0.560629 0.404619 0.560327 0.405047 0.555186 0.405047 0.554884 0.404619 0.552767 0.404619 0.552464 0.404192
0 0.565770 0.490163 0.565165 0.493157 0.565165 0.530796 0.565770 0.533790 0.565165 0.542772 0.565770 0.547049 0.565165 0.549615 0.565467 0.562874 0.564560 0.586826 0.565165 0.606074 0.566677 0.609923 0.569701 0.611634 0.586634 0.612062 0.589054 0.611206 0.635621 0.611634 0.642576 0.612489 0.646205 0.615056 0.659208 0.614628 0.661929 0.613772 0.670094 0.614628 0.674932 0.613772 0.680980 0.614200 0.683096 0.612489 0.684004 0.607357 0.683701 0.598802 0.684306 0.595808 0.683701 0.579127 0.684306 0.572284 0.684306 0.543199 0.682492 0.527802 0.683701 0.524380 0.683701 0.521814 0.683096 0.520103 0.680375 0.518392 0.679468 0.518820 0.676142 0.523952 0.675839 0.529512 0.671908 0.531651 0.669791 0.529085 0.669791 0.526946 0.671908 0.523097 0.667977 0.523097 0.663744 0.521386 0.662232 0.517109 0.664953 0.505560 0.661929 0.500000 0.661929 0.494012 0.659813 0.490590 0.655579 0.488879 0.648322 0.488024 0.635924 0.489735 0.626550 0.488024 0.622619 0.488024 0.618688 0.489307 0.567282 0.488452
0 0.591473 0.616767 0.592682 0.640719 0.592077 0.647990 0.592380 0.666809 0.591775 0.671086 0.591775 0.680496 0.592985 0.682207 0.603568 0.682207 0.609314 0.680924 0.613245 0.682635 0.628969 0.682207 0.629271 0.681779 0.634412 0.682635 0.640460 0.682635 0.640762 0.682207 0.652858 0.681779 0.655277 0.682635 0.678258 0.683062 0.683096 0.681779 0.684004 0.680068 0.684306 0.666809 0.683399 0.653122 0.683399 0.645851 0.684004 0.639863 0.683399 0.634303 0.683399 0.617194 0.682492 0.615911 0.681585 0.615483 0.645600 0.615911 0.642274 0.617194 0.640460 0.615483 0.635017 0.613345 0.620804 0.612917 0.620502 0.613345 0.605383 0.613345 0.602661 0.614200 0.593589 0.614200 0.592380 0.615056
0 0.535228 0.616767 0.534624 0.619333 0.534321 0.624465 0.534624 0.624893 0.534624 0.639008 0.534926 0.639435 0.535228 0.664671 0.535531 0.665098 0.535531 0.668948 0.535833 0.669376 0.535531 0.676647 0.535833 0.677074 0.536135 0.680496 0.537043 0.681779 0.539159 0.682207 0.539462 0.682635 0.542486 0.682635 0.542788 0.682207 0.581796 0.682207 0.582099 0.682635 0.585727 0.682635 0.586030 0.682207 0.587542 0.682207 0.589356 0.681352 0.589658 0.680068 0.589961 0.650128 0.590263 0.649701 0.589961 0.622327 0.589658 0.621899 0.589356 0.617622 0.588146 0.615483 0.587239 0.615056 0.581494 0.615056 0.581191 0.615483 0.579679 0.615483 0.579377 0.615056 0.573934 0.615056 0.573632 0.615483 0.570608 0.615483 0.570305 0.615056 0.558210 0.615056 0.557907 0.615483 0.553372 0.615483 0.553069 0.615056 0.541276 0.615056 0.540974 0.614628 0.538252 0.614628 0.537950 0.615056 0.536135 0.615483
0 0.477170 0.611634 0.476565 0.613772 0.476262 0.619760 0.476565 0.620188 0.476565 0.631737 0.477472 0.635586 0.477472 0.651839 0.477170 0.652267 0.476867 0.662104 0.476565 0.662532 0.476565 0.666809 0.476262 0.667237 0.476262 0.675791 0.476565 0.676219 0.476565 0.680068 0.477472 0.681779 0.478984 0.681779 0.479286 0.682207 0.508316 0.682207 0.508618 0.682635 0.510432 0.682635 0.510735 0.682207 0.521621 0.682207 0.521923 0.682635 0.523737 0.682635 0.524040 0.682207 0.526761 0.682207 0.527971 0.681352 0.528273 0.680068 0.527971 0.679213 0.528273 0.668520 0.527971 0.668092 0.527669 0.664243 0.527971 0.663815 0.528576 0.656544 0.528878 0.656116 0.528878 0.654405 0.529181 0.653978 0.529181 0.652267 0.529483 0.651839 0.529785 0.647990 0.530088 0.647562 0.530088 0.644568 0.529785 0.644140 0.529785 0.625321 0.530088 0.624893 0.530088 0.621044 0.529785 0.620616 0.529785 0.616339 0.529181 0.613772 0.527669 0.611634 0.526761 0.611206 0.519504 0.611634 0.518899 0.611206 0.518597 0.611634 0.513759 0.611634 0.513456 0.612062 0.506501 0.612062 0.506199 0.611634 0.501966 0.611634 0.501663 0.611206 0.492894 0.611206 0.492591 0.610778 0.490475 0.610778 0.490172 0.610351 0.488660 0.610351 0.488358 0.610778 0.477774 0.610778
0 0.473239 0.583405 0.466888 0.583405 0.466586 0.582977 0.461748 0.582977 0.461445 0.583405 0.444209 0.583405 0.443907 0.583832 0.436952 0.584260 0.434835 0.585543 0.433928 0.586826 0.433323 0.589393 0.433626 0.589820 0.433928 0.598375 0.434230 0.598802 0.434533 0.615056 0.434230 0.615483 0.433928 0.619760 0.432718 0.624038 0.432718 0.630026 0.433021 0.630453 0.433021 0.633875 0.433323 0.634303 0.433323 0.647990 0.433021 0.648417 0.433323 0.661249 0.433021 0.661677 0.432718 0.678785 0.433323 0.681779 0.434835 0.683062 0.438766 0.683062 0.439069 0.682635 0.458119 0.682635 0.458422 0.683062 0.466888 0.682635 0.467191 0.683062 0.470819 0.683062 0.471122 0.682635 0.472936 0.682635 0.474751 0.681352 0.475053 0.680496 0.475053 0.677502 0.475355 0.677074 0.475053 0.663387 0.475658 0.659966 0.475658 0.654833 0.475355 0.654405 0.475355 0.646707 0.475658 0.646279 0.475355 0.613345 0.475658 0.612062 0.475355 0.611634 0.475355 0.608212 0.475053 0.607784 0.475053 0.591959 0.475355 0.591531 0.475355 0.587254 0.474751 0.585115
0 0.503175 0.575278 0.503175 0.580411 0.503477 0.580838 0.503477 0.583832 0.503175 0.584260 0.503175 0.606074 0.503477 0.606501 0.503477 0.607357 0.504082 0.608212 0.505292 0.609068 0.509525 0.609068 0.510130 0.609495 0.510432 0.609068 0.520411 0.609068 0.520714 0.608640 0.529181 0.608640 0.529483 0.608212 0.535228 0.608212 0.535531 0.608640 0.536135 0.608212 0.543090 0.608212 0.543393 0.608640 0.552162 0.608640 0.552464 0.609068 0.556396 0.609068 0.558512 0.607784 0.560024 0.605646 0.560024 0.604790 0.560327 0.604363 0.560327 0.600513 0.560629 0.600086 0.560629 0.591103 0.560327 0.590676 0.560327 0.587682 0.560629 0.587254 0.560629 0.582977 0.560931 0.582549 0.560931 0.580411 0.561234 0.579983 0.561234 0.576133 0.560327 0.574423 0.559722 0.574423 0.559419 0.573995 0.557303 0.573995 0.557000 0.573567 0.547929 0.573567 0.547626 0.573139 0.546114 0.573139 0.545812 0.573567 0.540369 0.573567 0.540067 0.573995 0.537043 0.573995 0.536740 0.573567 0.519202 0.573567 0.518899 0.573139 0.507106 0.573139 0.506501 0.572712 0.506199 0.573139 0.504989 0.573139 0.504385 0.573567 0.503780 0.574423 0.503477 0.574423
0 0.560327 0.454234 0.558210 0.453379 0.553976 0.453379 0.551557 0.454234 0.546719 0.453807 0.544905 0.454662 0.542183 0.454662 0.540067 0.453807 0.533414 0.454662 0.527971 0.453807 0.521318 0.453807 0.517690 0.455090 0.505594 0.455090 0.503780 0.457228 0.503175 0.459367 0.503477 0.461933 0.503175 0.471771 0.504082 0.497434 0.503780 0.497861 0.503780 0.512404 0.503175 0.515398 0.503175 0.523952 0.504385 0.530796 0.504385 0.536784 0.503780 0.539350 0.503780 0.556886 0.504082 0.557314 0.503780 0.567579 0.504082 0.570145 0.504989 0.571856 0.505594 0.572284 0.509828 0.571856 0.513154 0.573139 0.523133 0.573567 0.533112 0.572712 0.541276 0.573139 0.547626 0.572284 0.558210 0.573139 0.559722 0.572712 0.560931 0.571429 0.561234 0.564585 0.560024 0.553892 0.559722 0.527374 0.561536 0.516253 0.561234 0.481608 0.562141 0.477759 0.562141 0.472626 0.561536 0.467494 0.561839 0.457656
0 0.435742 0.455090 0.434835 0.456373 0.433323 0.461506 0.432114 0.473054 0.432416 0.488879 0.433626 0.497434 0.433021 0.510265 0.433928 0.517536 0.433323 0.532934 0.433323 0.571856 0.433626 0.576561 0.434533 0.579983 0.435742 0.581266 0.437254 0.581266 0.439069 0.580411 0.453281 0.579983 0.455700 0.580838 0.459933 0.579983 0.470215 0.580838 0.476565 0.579555 0.477774 0.582121 0.477170 0.591959 0.478077 0.605646 0.479589 0.607784 0.481403 0.608640 0.495615 0.609068 0.500151 0.607357 0.501361 0.604363 0.502268 0.573567 0.502268 0.505988 0.501058 0.500428 0.501966 0.494440 0.501361 0.457656 0.498639 0.455090 0.489870 0.455090 0.486544 0.450385 0.485334 0.449530 0.481705 0.449102 0.456002 0.449102 0.452979 0.450813 0.450257 0.455090 0.448745 0.455945 0.444814 0.454662 0.440581 0.455518
0 0.374357 0.455090 0.363471 0.455518 0.363169 0.455945 0.352888 0.455945 0.350469 0.457228 0.348050 0.457228 0.346235 0.456373 0.335954 0.455945 0.331721 0.458084 0.330511 0.460222 0.330813 0.554748 0.331418 0.566296 0.331116 0.588109 0.332023 0.589393 0.336559 0.589393 0.339583 0.588537 0.373450 0.588965 0.374962 0.587682 0.375265 0.575706 0.374357 0.571856 0.374357 0.569718 0.375567 0.564157 0.375265 0.563730 0.374962 0.540633 0.373753 0.535928 0.373753 0.530368 0.374962 0.526518 0.375567 0.522241 0.375567 0.472198 0.376172 0.468349 0.376172 0.458512
0 0.332930 0.589393 0.331721 0.591103 0.331418 0.594525 0.331116 0.594953 0.331418 0.599658 0.331116 0.600086 0.331116 0.603507 0.330813 0.603935 0.330813 0.618477 0.330511 0.618905 0.330813 0.654833 0.331116 0.655261 0.331116 0.659538 0.330813 0.659966 0.330813 0.677930 0.331116 0.678358 0.331116 0.680496 0.332023 0.681779 0.332930 0.682207 0.346538 0.682207 0.346840 0.681779 0.364681 0.682207 0.364983 0.681779 0.373753 0.681779 0.375265 0.680924 0.375869 0.680068 0.376474 0.677502 0.376474 0.671942 0.376777 0.671514 0.376777 0.668520 0.376474 0.668092 0.376474 0.653978 0.376172 0.652267 0.376474 0.651839 0.376474 0.647134 0.376777 0.646707 0.376777 0.643285 0.377079 0.642857 0.377079 0.630026 0.377381 0.629598 0.377381 0.626176 0.377079 0.625749 0.376777 0.619760 0.374660 0.612062 0.374962 0.599230 0.375265 0.598802 0.375265 0.592387 0.374660 0.590248 0.373753 0.588965 0.369822 0.588965 0.369519 0.589393 0.361052 0.589393 0.360750 0.588965 0.346538 0.588965 0.346235 0.589393 0.343514 0.589393 0.343211 0.588965 0.336559 0.588965 0.336256 0.589393
0 0.326882 0.606929 0.325068 0.606074 0.322649 0.606074 0.322347 0.606501 0.296946 0.606501 0.296643 0.606929 0.285455 0.606929 0.285153 0.606501 0.281826 0.606501 0.279105 0.608212 0.278500 0.609068 0.277895 0.611634 0.277895 0.619333 0.277593 0.619760 0.277593 0.624893 0.277291 0.625321 0.277291 0.630881 0.277593 0.631309 0.277593 0.634731 0.277895 0.635158 0.277593 0.649273 0.277895 0.649701 0.277895 0.652267 0.279710 0.656116 0.280617 0.659538 0.280315 0.671086 0.281222 0.674508 0.281222 0.676219 0.281524 0.676647 0.281222 0.677502 0.281222 0.680496 0.281826 0.681779 0.282734 0.681779 0.283036 0.682207 0.290293 0.682207 0.290596 0.682635 0.292712 0.682635 0.293015 0.682207 0.312972 0.682207 0.313275 0.681779 0.314484 0.681779 0.316299 0.680924 0.317508 0.681779 0.319323 0.681779 0.319625 0.682207 0.324463 0.682207 0.324766 0.681779 0.327487 0.681352 0.328697 0.680068 0.329302 0.677502 0.329302 0.658683 0.328092 0.653550 0.328092 0.649273 0.328394 0.648845 0.328394 0.637725 0.328697 0.637297 0.328697 0.633875 0.328394 0.633447 0.328394 0.630881 0.328092 0.630453 0.328394 0.609923 0.327790 0.608212
0 0.178409 0.615911 0.178107 0.618050 0.178409 0.623182 0.177502 0.628315 0.177805 0.636869 0.176897 0.640719 0.176293 0.647134 0.176595 0.655689 0.177200 0.658683 0.176293 0.678358 0.177502 0.681779 0.179921 0.682635 0.180224 0.682207 0.188388 0.682635 0.191412 0.681779 0.222558 0.682207 0.224977 0.681352 0.225582 0.681779 0.234351 0.681352 0.239190 0.682207 0.247354 0.682207 0.249168 0.681352 0.253100 0.681352 0.256123 0.682207 0.271545 0.682207 0.273360 0.680496 0.273964 0.677930 0.273964 0.673225 0.273057 0.665526 0.273662 0.653122 0.273662 0.618477 0.273057 0.616339 0.270940 0.614200 0.268219 0.613772 0.232537 0.614200 0.225884 0.611634 0.221046 0.612489 0.204415 0.611634 0.200786 0.612917 0.198972 0.612917 0.195948 0.612062 0.187481 0.612062 0.185062 0.611206 0.182340 0.611206 0.179921 0.612489
0 0.327185 0.457228 0.324766 0.455518 0.310251 0.455518 0.304808 0.456373 0.278500 0.456373 0.275174 0.458512 0.274569 0.460222 0.274267 0.476476 0.275476 0.482464 0.275779 0.491018 0.275174 0.568007 0.273964 0.570573 0.265800 0.562874 0.258542 0.564585 0.257031 0.562447 0.254611 0.560736 0.253100 0.561163 0.251285 0.564585 0.251588 0.580411 0.250983 0.589393 0.251588 0.600513 0.252797 0.602652 0.267009 0.603080 0.269428 0.603935 0.275476 0.603507 0.279407 0.604790 0.284548 0.605218 0.302994 0.604790 0.314484 0.606501 0.323254 0.606501 0.325975 0.605646 0.328092 0.603507 0.329302 0.599658 0.329302 0.587254 0.329906 0.582121 0.329604 0.554748 0.328697 0.545766 0.328697 0.511976 0.329302 0.508982 0.329302 0.503422 0.328394 0.500000 0.329604 0.482036 0.329604 0.463216 0.328999 0.459795
0 0.254309 0.402908 0.253402 0.403336 0.252192 0.405047 0.251588 0.408469 0.251588 0.423867 0.251285 0.424294 0.251285 0.426433 0.251588 0.426861 0.251588 0.431138 0.251285 0.431565 0.251588 0.443114 0.251285 0.443541 0.251285 0.457228 0.250983 0.457656 0.251285 0.494012 0.251890 0.497434 0.251890 0.502139 0.251285 0.504705 0.251285 0.511121 0.251588 0.511548 0.251285 0.518392 0.251588 0.518820 0.251588 0.521386 0.252192 0.523952 0.253402 0.525663 0.254309 0.526091 0.257333 0.526091 0.257635 0.526518 0.257938 0.526091 0.259752 0.526091 0.261566 0.524808 0.273057 0.525663 0.274569 0.524380 0.275174 0.520530 0.275174 0.502139 0.274871 0.501711 0.275174 0.492301 0.274267 0.488024 0.274569 0.480325 0.274267 0.479897 0.274267 0.474765 0.273964 0.474337 0.273964 0.467066 0.274267 0.466638 0.273964 0.459367 0.275779 0.456801 0.277895 0.455090 0.279105 0.454662 0.279407 0.455090 0.283338 0.455518 0.285455 0.454234 0.288479 0.448246 0.288177 0.441831 0.289084 0.437981 0.289386 0.412746 0.286060 0.406758 0.285757 0.405475 0.283036 0.403336 0.281524 0.403764 0.267917 0.403764 0.267614 0.403336
0 0.249168 0.399059 0.242213 0.399914 0.238282 0.402053 0.186272 0.402908 0.179317 0.401625 0.176293 0.408041 0.175083 0.415740 0.175386 0.438837 0.174176 0.446963 0.174781 0.535500 0.175990 0.539778 0.174478 0.605646 0.175688 0.609923 0.179014 0.611634 0.180526 0.615483 0.180224 0.619760 0.177502 0.623182 0.178107 0.636441 0.175688 0.652267 0.176293 0.660821 0.178712 0.667665 0.178107 0.671086 0.175990 0.674080 0.175990 0.677502 0.177805 0.681779 0.197158 0.682635 0.201089 0.681352 0.212882 0.683062 0.215301 0.681779 0.215603 0.679641 0.212579 0.674508 0.211975 0.670231 0.216813 0.663815 0.221651 0.664671 0.223163 0.666382 0.223465 0.672370 0.221953 0.681352 0.229513 0.681779 0.230118 0.656116 0.228606 0.636014 0.231932 0.629170 0.231025 0.623182 0.231932 0.616767 0.233747 0.614628 0.238282 0.615911 0.246145 0.613772 0.250378 0.617622 0.257938 0.616767 0.260357 0.612917 0.258845 0.610778 0.253100 0.611206 0.250983 0.609923 0.248866 0.601369 0.248564 0.544482 0.247656 0.529512 0.250076 0.521386 0.248866 0.482464 0.250378 0.476476 0.249471 0.458512 0.250680 0.452096 0.249168 0.435843 0.250680 0.430710 0.251285 0.416595 0.250378 0.411035 0.251588 0.408041 0.250983 0.402481
0 0.236468 0.334902 0.235863 0.336612 0.236166 0.340034 0.236468 0.340462 0.236468 0.364414 0.236770 0.364842 0.236770 0.366125 0.236468 0.366553 0.236468 0.377246 0.236770 0.377673 0.236770 0.381095 0.237073 0.381523 0.236770 0.388366 0.236468 0.388794 0.236468 0.393499 0.236770 0.394782 0.237678 0.396065 0.242818 0.396493 0.243121 0.396065 0.246749 0.396065 0.248564 0.395210 0.250378 0.395210 0.252192 0.397776 0.252797 0.399487 0.253704 0.400770 0.255519 0.402053 0.256728 0.402053 0.257031 0.402481 0.276988 0.402481 0.277291 0.402053 0.285153 0.402481 0.286362 0.401625 0.286967 0.399059 0.286967 0.397348 0.287269 0.396920 0.287269 0.386228 0.287572 0.385800 0.287572 0.383234 0.287874 0.382806 0.287874 0.381095 0.288479 0.378529 0.288479 0.375107 0.288177 0.374679 0.288177 0.361420 0.288479 0.360992 0.288479 0.352438 0.288781 0.352010 0.288781 0.342173 0.289084 0.341745 0.289386 0.337468 0.289689 0.337040 0.289084 0.334902 0.285455 0.333191 0.275779 0.333191 0.275476 0.332763 0.272755 0.333191 0.271243 0.334046 0.263985 0.333618 0.263683 0.333191 0.244028 0.333191 0.243725 0.332763 0.240097 0.332763 0.239794 0.333191 0.238585 0.333191
0 0.232235 0.334474 0.231025 0.332763 0.229513 0.331908 0.225884 0.331908 0.225582 0.331480 0.221349 0.332335 0.221046 0.332763 0.216208 0.332335 0.212882 0.333618 0.210160 0.333618 0.209858 0.333191 0.207136 0.333191 0.205020 0.332335 0.201089 0.332335 0.200786 0.331908 0.200484 0.332335 0.198065 0.332335 0.197762 0.332763 0.178409 0.332335 0.178107 0.332763 0.176293 0.332763 0.175688 0.333191 0.175386 0.334046 0.175386 0.337040 0.176595 0.341317 0.176595 0.349872 0.176293 0.350299 0.176293 0.353721 0.175990 0.354149 0.175990 0.359709 0.176293 0.360137 0.175990 0.384517 0.176595 0.387083 0.176595 0.389222 0.175688 0.392216 0.175386 0.395210 0.175990 0.398204 0.177200 0.401198 0.178712 0.402481 0.184155 0.402481 0.184457 0.402053 0.190807 0.402053 0.191110 0.401625 0.194436 0.401625 0.194738 0.401198 0.228606 0.400770 0.231327 0.399487 0.233142 0.396493 0.233747 0.393499 0.233444 0.393071 0.233444 0.389222 0.232537 0.386228 0.232537 0.384089 0.232235 0.383661 0.232235 0.381950 0.232537 0.381523 0.232537 0.374679 0.231932 0.371685 0.232235 0.364842 0.231630 0.362275 0.229816 0.358854 0.231025 0.350299 0.231932 0.347733 0.231932 0.346022 0.232235 0.345595 0.232537 0.338751 0.232839 0.338323 0.232839 0.336185