0 0.162685 0.214713 0.162080 0.216852 0.162383 0.233105 0.161778 0.236527 0.162080 0.238238 0.162080 0.257057 0.162383 0.257485 0.162383 0.265612 0.161778 0.269033 0.161778 0.274594 0.162080 0.275021 0.161778 0.283148 0.162080 0.284003 0.164197 0.285714 0.165407 0.286142 0.178409 0.286142 0.178712 0.286570 0.180526 0.286570 0.180829 0.286142 0.186876 0.286142 0.187179 0.286570 0.192924 0.286142 0.193226 0.286570 0.202601 0.286570 0.202903 0.286997 0.206229 0.286570 0.206532 0.286142 0.213184 0.286142 0.213487 0.286570 0.215906 0.286570 0.216510 0.286997 0.216813 0.286570 0.219534 0.286142 0.221349 0.284003 0.221651 0.280154 0.221953 0.279726 0.221953 0.268178 0.222256 0.267750 0.222256 0.251925 0.221953 0.251497 0.222256 0.235244 0.221651 0.232250 0.221651 0.228828 0.222256 0.225834 0.222256 0.221129 0.221953 0.220701 0.221953 0.217280 0.221349 0.215141 0.220744 0.214286 0.218325 0.213430 0.208951 0.213430 0.208648 0.213003 0.207136 0.213003 0.206834 0.213430 0.165407 0.213003 0.165104 0.213430 0.163895 0.213430
0 0.296341 0.216424 0.295132 0.215569 0.288781 0.215569 0.288479 0.215997 0.286060 0.215997 0.285757 0.215569 0.270638 0.215569 0.266102 0.216852 0.264590 0.216424 0.228001 0.215997 0.226187 0.217280 0.225280 0.218563 0.225280 0.228828 0.224373 0.235244 0.224675 0.248931 0.224977 0.249358 0.224977 0.254063 0.225280 0.254491 0.225280 0.266467 0.224675 0.270317 0.224675 0.278871 0.224070 0.281009 0.224070 0.284003 0.226187 0.286142 0.229816 0.286570 0.230118 0.286997 0.240399 0.286997 0.240702 0.286570 0.251890 0.286142 0.252192 0.286570 0.254611 0.286570 0.257333 0.287425 0.264893 0.287425 0.265195 0.286997 0.275779 0.286997 0.276081 0.286570 0.280012 0.286570 0.280315 0.286142 0.295132 0.285714 0.296946 0.283576 0.296946 0.281437 0.296341 0.279299 0.296341 0.267323 0.297248 0.262190 0.297248 0.259196 0.295736 0.254063 0.295736 0.246364 0.294829 0.243798 0.294829 0.240804 0.295736 0.236099 0.295736 0.227545 0.296946 0.221985 0.296946 0.217707
0 0.303901 0.214713 0.303296 0.217280 0.303598 0.230967 0.302994 0.235672 0.302994 0.260051 0.303296 0.260479 0.302994 0.283148 0.304506 0.285714 0.307227 0.286997 0.309344 0.286570 0.329604 0.286997 0.329906 0.287425 0.337466 0.286997 0.342304 0.288281 0.351678 0.288708 0.356214 0.288281 0.360448 0.286997 0.379800 0.286997 0.382220 0.285714 0.391896 0.286142 0.394617 0.285287 0.395525 0.284003 0.395827 0.279726 0.395525 0.279299 0.395222 0.259196 0.396129 0.255346 0.396129 0.219418 0.395222 0.215997 0.394013 0.214286 0.390082 0.213003 0.379196 0.213430 0.375567 0.212575 0.371031 0.213003 0.356517 0.212575 0.354400 0.213430 0.322044 0.212575 0.313880 0.213430 0.306018 0.213003
0 0.614152 0.213430 0.607197 0.213430 0.606894 0.213003 0.603568 0.213430 0.589961 0.213430 0.589658 0.213003 0.588751 0.213430 0.544905 0.213430 0.544602 0.213858 0.528576 0.213430 0.526761 0.214286 0.525552 0.217707 0.525854 0.277588 0.526459 0.282720 0.527669 0.284431 0.529785 0.285287 0.574539 0.285287 0.577260 0.285714 0.583611 0.284003 0.585425 0.284003 0.587239 0.284859 0.598730 0.284859 0.599032 0.285287 0.609918 0.284859 0.612337 0.285714 0.614454 0.285287 0.615361 0.283576 0.615361 0.268178 0.615664 0.267750 0.615664 0.239521 0.615059 0.230967 0.615361 0.230111 0.615361 0.215569
0 0.608104 0.289991 0.604173 0.287425 0.596916 0.286570 0.592682 0.287853 0.586937 0.287425 0.576656 0.291275 0.570003 0.291275 0.567886 0.292130 0.530692 0.290847 0.528273 0.292558 0.527669 0.294269 0.528273 0.369119 0.527971 0.395210 0.527064 0.407186 0.530692 0.414885 0.535531 0.416168 0.537345 0.418306 0.537043 0.419589 0.535228 0.421300 0.531297 0.420873 0.528878 0.423867 0.527971 0.428144 0.527971 0.445252 0.528878 0.446963 0.530390 0.447819 0.570608 0.448674 0.582703 0.447819 0.590263 0.448674 0.593589 0.447391 0.600544 0.447819 0.605080 0.449102 0.612942 0.444825 0.614152 0.443114 0.613849 0.389649 0.611128 0.379812 0.611430 0.359281 0.610523 0.352866 0.611128 0.338323 0.610523 0.330624 0.611128 0.328486 0.613245 0.326775 0.613547 0.322070 0.612942 0.320359 0.609918 0.319076 0.609314 0.302823 0.609918 0.295124
0 0.519504 0.289136 0.518295 0.288708 0.514666 0.288708 0.510735 0.289564 0.504989 0.289136 0.504687 0.289564 0.473239 0.289136 0.471122 0.289991 0.470517 0.290847 0.469912 0.292985 0.469912 0.303251 0.470215 0.303678 0.469912 0.312660 0.470517 0.317365 0.470215 0.337040 0.470517 0.337468 0.470517 0.363131 0.470819 0.363559 0.470819 0.368691 0.470517 0.369119 0.470819 0.390932 0.469912 0.399914 0.469912 0.405475 0.471122 0.408469 0.472331 0.409324 0.495313 0.408896 0.498337 0.408469 0.502268 0.406758 0.503477 0.408041 0.505594 0.408896 0.508013 0.408469 0.518899 0.408896 0.520411 0.407186 0.520714 0.406330 0.520714 0.397776 0.521016 0.397348 0.520714 0.381095 0.522226 0.370830 0.521923 0.369119 0.521923 0.304534 0.521621 0.304106 0.521621 0.292985 0.521016 0.290847
0 0.451769 0.289564 0.449955 0.290419 0.449047 0.291702 0.448443 0.294269 0.448443 0.337468 0.447838 0.339606 0.447536 0.345167 0.447233 0.345595 0.447233 0.365269 0.447536 0.365697 0.447536 0.374252 0.447838 0.374679 0.447838 0.384517 0.448140 0.384944 0.448140 0.387083 0.448443 0.387511 0.448443 0.392216 0.448745 0.392643 0.448443 0.401625 0.449955 0.405475 0.451164 0.407186 0.452979 0.408469 0.465376 0.408469 0.466888 0.406330 0.467191 0.405047 0.467191 0.402053 0.467493 0.401625 0.467493 0.398631 0.467796 0.398204 0.467796 0.368263 0.467493 0.367836 0.467493 0.363986 0.467796 0.363559 0.467796 0.357571 0.467493 0.357143 0.467493 0.350727 0.467796 0.350299 0.467796 0.336612 0.467493 0.336185 0.467493 0.332763 0.467796 0.332335 0.467796 0.330624 0.467493 0.330197 0.467493 0.295979 0.467796 0.295552 0.467493 0.295124 0.467493 0.292130 0.466284 0.289991 0.464469 0.289136 0.454793 0.289136 0.454490 0.289564
0 0.519806 0.412318 0.509828 0.409752 0.503477 0.410607 0.468703 0.410180 0.465376 0.411035 0.431207 0.410180 0.414575 0.411463 0.413366 0.417451 0.413063 0.426861 0.413668 0.440120 0.413063 0.490590 0.413668 0.494867 0.412458 0.499145 0.413063 0.579983 0.412156 0.597519 0.413668 0.605646 0.414878 0.607784 0.418506 0.609068 0.519202 0.609923 0.521016 0.607784 0.522528 0.600086 0.521923 0.538922 0.521318 0.535500 0.521923 0.528657 0.520714 0.514115 0.521621 0.457228 0.520714 0.435843 0.521621 0.428571
0 0.360145 0.334902 0.358936 0.336185 0.357424 0.340462 0.357424 0.348589 0.358936 0.354149 0.358936 0.358854 0.358633 0.359281 0.358633 0.364842 0.357726 0.368691 0.357121 0.375535 0.357424 0.379812 0.357121 0.391360 0.357726 0.393499 0.357424 0.434132 0.357121 0.434559 0.357424 0.442686 0.356819 0.445680 0.355912 0.446108 0.356517 0.446108 0.357424 0.447391 0.361052 0.449957 0.379800 0.449957 0.384034 0.449102 0.389779 0.449102 0.390082 0.449530 0.407015 0.450385 0.408527 0.449530 0.410039 0.447391 0.410342 0.445680 0.410644 0.430282 0.410946 0.429855 0.410946 0.421300 0.410644 0.420873 0.410946 0.402053 0.411249 0.401625 0.410946 0.399487 0.411249 0.386228 0.410644 0.384089 0.410946 0.352010 0.410644 0.351583 0.410644 0.338323 0.410039 0.336185 0.408830 0.334902 0.406411 0.334046 0.398549 0.334474 0.398246 0.334046 0.390384 0.334046 0.390082 0.333618 0.380103 0.333618 0.379800 0.334046 0.363471 0.333618
0 0.273662 0.334902 0.272755 0.336612 0.272452 0.340890 0.272755 0.400342 0.272150 0.438409 0.272452 0.444397 0.273360 0.447391 0.276081 0.448674 0.278803 0.448674 0.283036 0.447391 0.286665 0.447391 0.289689 0.449102 0.291503 0.451668 0.294527 0.449957 0.296341 0.449957 0.298155 0.450813 0.303901 0.450813 0.306622 0.452524 0.307832 0.452524 0.311763 0.447819 0.314484 0.448674 0.320835 0.447819 0.324766 0.449102 0.332023 0.448674 0.335652 0.449530 0.338978 0.448246 0.340490 0.446108 0.341095 0.441403 0.340490 0.426861 0.340792 0.412746 0.340187 0.408896 0.340187 0.385800 0.339583 0.383234 0.339583 0.378101 0.340490 0.372113 0.340490 0.338751 0.339885 0.336185 0.337768 0.334474 0.309344 0.334902 0.303901 0.333618 0.297853 0.333618 0.295434 0.334474 0.292712 0.334474 0.288177 0.336185 0.286060 0.336185 0.281826 0.334474
0 0.205020 0.334902 0.204112 0.337040 0.203508 0.340890 0.204112 0.384517 0.203508 0.386655 0.203205 0.431565 0.202601 0.434987 0.202601 0.441831 0.203508 0.445252 0.204717 0.446963 0.208951 0.449102 0.212579 0.448674 0.217720 0.446108 0.221046 0.445252 0.227094 0.449530 0.239190 0.450813 0.240702 0.451668 0.244935 0.450813 0.250076 0.447819 0.254309 0.447819 0.257333 0.449530 0.266707 0.449530 0.270638 0.447819 0.271545 0.446108 0.271848 0.442258 0.271243 0.429855 0.271545 0.353721 0.270940 0.349872 0.270638 0.336185 0.267917 0.334046 0.263985 0.334046 0.260962 0.334902 0.257031 0.334902 0.251890 0.336612 0.250378 0.337896 0.247959 0.334902 0.246145 0.334046 0.239794 0.334046 0.234049 0.335757 0.232537 0.335757 0.229816 0.334474 0.221349 0.334046 0.216208 0.335329 0.211370 0.334474
0 0.148775 0.289991 0.147263 0.291275 0.146054 0.294269 0.146054 0.303678 0.142425 0.310950 0.142728 0.314799 0.144542 0.317365 0.144542 0.320787 0.142728 0.325920 0.141518 0.333618 0.141518 0.336612 0.142728 0.338323 0.145751 0.338751 0.147263 0.342173 0.144542 0.348161 0.146659 0.352010 0.146961 0.353721 0.146356 0.360992 0.146961 0.363559 0.146961 0.396493 0.147566 0.402053 0.147868 0.420445 0.146961 0.437126 0.148775 0.446108 0.149985 0.448246 0.156033 0.449102 0.159057 0.451240 0.165709 0.450813 0.172059 0.451240 0.174478 0.452096 0.176897 0.450813 0.179317 0.447819 0.182340 0.448674 0.190505 0.449102 0.197762 0.448674 0.199879 0.446535 0.201089 0.441831 0.199879 0.424722 0.200484 0.420445 0.200181 0.386228 0.198972 0.379812 0.198972 0.377246 0.201089 0.372541 0.201089 0.294696 0.200484 0.291702 0.199879 0.290847 0.194134 0.290419 0.178107 0.290847 0.175688 0.289991