0 0.305715 0.324209 0.305413 0.325920 0.305715 0.362703 0.306018 0.363131 0.305715 0.378529 0.306320 0.381523 0.307529 0.383661 0.308134 0.384089 0.309344 0.383234 0.310856 0.383234 0.311158 0.382806 0.321137 0.383234 0.321439 0.382806 0.323858 0.382378 0.324766 0.382806 0.327185 0.386228 0.328394 0.387083 0.329906 0.387083 0.330209 0.387511 0.331418 0.387511 0.333233 0.388794 0.336256 0.389222 0.338071 0.387938 0.339280 0.385800 0.341095 0.384517 0.344421 0.384944 0.348352 0.383661 0.352888 0.383234 0.353190 0.383661 0.356517 0.384089 0.361052 0.385800 0.362867 0.385800 0.363169 0.385372 0.370124 0.384944 0.372241 0.383661 0.373148 0.381950 0.373148 0.373824 0.373450 0.373396 0.373450 0.369547 0.373148 0.369119 0.373148 0.354577 0.372845 0.354149 0.373148 0.353721 0.373148 0.338751 0.373450 0.338323 0.373450 0.327630 0.373753 0.327203 0.373753 0.324209 0.373148 0.322498 0.369217 0.321215 0.361657 0.321215 0.361355 0.321642 0.355912 0.321642 0.355609 0.322070 0.347445 0.322070 0.347142 0.321642 0.338373 0.321642 0.338071 0.322070 0.335652 0.322070 0.335349 0.321642 0.324463 0.321215 0.324161 0.321642 0.310553 0.321642 0.310251 0.322070 0.307227 0.322498
0 0.262474 0.421300 0.261264 0.423439 0.261264 0.453807 0.262474 0.460222 0.263078 0.468349 0.262776 0.482464 0.263985 0.494440 0.263985 0.521814 0.263078 0.527802 0.263381 0.536356 0.262171 0.542344 0.262171 0.548332 0.262776 0.550898 0.261869 0.569290 0.262474 0.584688 0.263985 0.587254 0.266707 0.589393 0.270940 0.589820 0.273964 0.591959 0.277291 0.590676 0.280315 0.590676 0.283338 0.594098 0.286060 0.595381 0.303296 0.594953 0.309646 0.596664 0.323254 0.596664 0.324161 0.595381 0.325370 0.590676 0.326882 0.588537 0.332930 0.586826 0.335652 0.583405 0.335349 0.480325 0.335954 0.449957 0.335047 0.428571 0.333837 0.425577 0.331418 0.423439 0.318113 0.423867 0.309646 0.420873 0.288781 0.420445
0 0.402480 0.423439 0.394013 0.420873 0.384639 0.421300 0.382824 0.420445 0.363774 0.420873 0.358028 0.423439 0.340187 0.422583 0.338071 0.424722 0.337164 0.427288 0.337164 0.432421 0.337768 0.434132 0.337164 0.453807 0.337768 0.468349 0.337466 0.527374 0.338071 0.539350 0.338071 0.572284 0.337164 0.582977 0.338978 0.586826 0.341699 0.588109 0.345630 0.588109 0.347747 0.588965 0.348957 0.590676 0.349562 0.593242 0.352283 0.595808 0.364681 0.594525 0.386755 0.595808 0.390989 0.594525 0.394013 0.589820 0.401875 0.588965 0.406713 0.589820 0.408830 0.588965 0.410946 0.586826 0.412458 0.582121 0.412156 0.576133 0.410644 0.570573 0.411551 0.542344 0.410946 0.532506 0.411854 0.446108 0.410946 0.442686 0.410644 0.435843 0.408830 0.432849 0.407620 0.428999
0 0.491382 0.494867 0.491080 0.502994 0.491987 0.525235 0.491080 0.529512 0.491080 0.540633 0.492591 0.565868 0.493801 0.570573 0.493196 0.573567 0.493801 0.588537 0.494406 0.589820 0.494708 0.585543 0.496220 0.582121 0.495918 0.575706 0.494708 0.571856 0.494708 0.569290 0.497430 0.565013 0.498942 0.570145 0.498337 0.582121 0.499849 0.588109 0.500151 0.594525 0.501663 0.597947 0.506199 0.598802 0.512852 0.596236 0.516783 0.596664 0.518597 0.598375 0.519504 0.603935 0.521318 0.605218 0.527366 0.604363 0.545207 0.604790 0.550650 0.603507 0.556698 0.604363 0.568189 0.603080 0.595706 0.603507 0.601451 0.604363 0.603266 0.602652 0.604173 0.598802 0.605383 0.597091 0.609314 0.596664 0.610221 0.595381 0.611128 0.580411 0.610523 0.552609 0.611128 0.506416 0.609616 0.501283 0.604778 0.500855 0.596916 0.502139 0.591775 0.500855 0.580587 0.502566 0.576958 0.500855 0.569398 0.501711 0.556698 0.500855 0.547021 0.502139 0.543695 0.500428 0.539159 0.500428 0.532809 0.502139 0.531600 0.503422 0.529785 0.498717 0.526459 0.493157 0.522528 0.496578 0.518295 0.495723 0.514968 0.493157 0.506199 0.495295 0.504687 0.494012 0.493499 0.491873
0 0.609696 0.495372 0.565193 0.494565 0.564623 0.413864 0.606843 0.411443
0 0.558347 0.495372 0.493305 0.489723 0.492164 0.410636 0.556635 0.408215
0 0.258542 0.411035 0.254309 0.410180 0.248564 0.410180 0.246145 0.411035 0.224675 0.411035 0.222256 0.412746 0.221953 0.417023 0.220139 0.418306 0.218022 0.416595 0.217418 0.414029 0.215906 0.413174 0.211067 0.412746 0.209253 0.414029 0.210160 0.414885 0.213487 0.415312 0.214696 0.417023 0.213487 0.418734 0.211975 0.419162 0.208951 0.417879 0.206834 0.420873 0.205322 0.425577 0.205322 0.431993 0.205927 0.435843 0.205020 0.462361 0.205624 0.482036 0.205020 0.487169 0.205624 0.493584 0.205322 0.514970 0.206229 0.518392 0.207136 0.519675 0.208648 0.520530 0.239794 0.520530 0.241609 0.517964 0.241609 0.510693 0.245540 0.502139 0.249471 0.498717 0.254309 0.499145 0.255821 0.501711 0.256123 0.504705 0.254914 0.510265 0.250680 0.516253 0.250680 0.519247 0.252797 0.521386 0.254309 0.521386 0.256123 0.520103 0.257635 0.517964 0.258845 0.513259 0.258240 0.503849 0.259147 0.493157 0.259450 0.433276 0.260054 0.420017 0.259752 0.414457
0 0.205322 0.324636 0.205020 0.339179 0.205624 0.367836 0.205020 0.405475 0.205927 0.408896 0.208346 0.412746 0.208648 0.414029 0.208044 0.417879 0.208648 0.418734 0.212882 0.419162 0.214091 0.418306 0.214394 0.416595 0.213184 0.414029 0.215603 0.411891 0.225280 0.411463 0.229211 0.410180 0.244028 0.411035 0.259450 0.409752 0.261566 0.408041 0.262776 0.405047 0.262776 0.402053 0.261566 0.395210 0.261566 0.389649 0.262776 0.385800 0.263683 0.387083 0.266102 0.388366 0.271545 0.387938 0.273662 0.388794 0.280315 0.388794 0.282734 0.390077 0.288479 0.390077 0.290293 0.390932 0.292410 0.390077 0.299970 0.390932 0.301784 0.388366 0.302691 0.383661 0.302086 0.378101 0.301482 0.356715 0.302086 0.348589 0.301482 0.339606 0.301784 0.328914 0.300575 0.323781 0.298155 0.320787 0.296039 0.319932 0.257635 0.320787 0.246145 0.319932 0.227094 0.320787 0.211370 0.320359 0.207439 0.321642
0 0.567282 0.267750 0.567282 0.273738 0.566677 0.277160 0.567282 0.283576 0.566979 0.313516 0.567282 0.318648 0.568491 0.322070 0.571515 0.321215 0.576656 0.321642 0.579982 0.318648 0.581796 0.318648 0.585425 0.322498 0.589054 0.322498 0.592985 0.321215 0.596613 0.317793 0.597823 0.318221 0.599032 0.319932 0.600847 0.321215 0.611128 0.320787 0.612942 0.319932 0.617478 0.320787 0.623223 0.320787 0.630178 0.318648 0.636226 0.319504 0.662836 0.319076 0.666163 0.320359 0.667977 0.320359 0.674025 0.316082 0.675234 0.313088 0.675234 0.282293 0.673722 0.278871 0.672210 0.278443 0.670396 0.275877 0.669187 0.272027 0.668884 0.266467 0.667977 0.265184 0.663139 0.264756 0.659813 0.265612 0.657998 0.265184 0.584215 0.265612 0.571213 0.264756 0.567886 0.266039
0 0.648624 0.201454 0.646205 0.195894 0.642576 0.195466 0.638040 0.190761 0.633505 0.189478 0.632900 0.188623 0.633505 0.186912 0.633202 0.184346 0.630783 0.182635 0.628062 0.183062 0.626852 0.184346 0.625643 0.184346 0.622921 0.182207 0.617176 0.183490 0.613547 0.181779 0.604778 0.180924 0.598428 0.177502 0.597520 0.177502 0.594799 0.182635 0.591775 0.183062 0.588146 0.182207 0.584820 0.187340 0.576353 0.192900 0.557605 0.190761 0.552767 0.191617 0.540671 0.191189 0.533716 0.192044 0.531297 0.194183 0.530995 0.196322 0.531902 0.198888 0.534019 0.201882 0.532809 0.205731 0.532809 0.207870 0.536438 0.212575 0.535833 0.218563 0.537950 0.224551 0.537950 0.226262 0.536740 0.229683 0.537647 0.236955 0.535531 0.241232 0.534019 0.247220 0.535531 0.262190 0.538252 0.265612 0.540974 0.266467 0.547324 0.265612 0.551255 0.259196 0.554581 0.260051 0.556396 0.263473 0.557907 0.262190 0.560629 0.261762 0.563653 0.259196 0.568491 0.259196 0.573632 0.260907 0.576051 0.260479 0.578470 0.258340 0.586030 0.256202 0.602056 0.256202 0.609314 0.257913 0.625945 0.258768 0.636226 0.258340 0.645298 0.254491 0.646205 0.253208 0.645600 0.251069 0.645903 0.234388 0.645298 0.224123 0.646205 0.222840 0.650438 0.221985 0.651043 0.218991 0.650741 0.218135 0.648019 0.216852 0.646205 0.216852 0.643181 0.218991 0.641064 0.213858 0.641064 0.212575 0.642274 0.210864 0.644693 0.210009 0.645903 0.208725
0 0.674738 0.254075 0.649634 0.254075 0.646211 0.183865 0.669032 0.181444
0 0.567282 0.124893 0.567584 0.171086 0.568491 0.175364 0.570003 0.176647 0.576353 0.177074 0.581191 0.174936 0.589356 0.178785 0.592077 0.177930 0.596311 0.174080 0.599940 0.174080 0.602661 0.174936 0.605987 0.177074 0.610221 0.177074 0.614757 0.175791 0.627155 0.176219 0.628666 0.175364 0.635017 0.175364 0.637133 0.176219 0.641972 0.175791 0.660115 0.176219 0.663441 0.175364 0.667675 0.177074 0.668582 0.176219 0.669791 0.173225 0.670699 0.166809 0.674025 0.164243 0.675234 0.161249 0.674630 0.138580 0.674932 0.131309 0.673722 0.127887 0.671001 0.125749 0.667977 0.121471 0.665256 0.120188 0.611733 0.120188 0.611430 0.120616 0.572422 0.120188 0.568793 0.121471
0 0.515573 0.121899 0.514666 0.124893 0.514666 0.147562 0.514968 0.147990 0.514968 0.148845 0.514666 0.149273 0.514666 0.159966 0.514968 0.160394 0.514968 0.175364 0.514666 0.175791 0.514666 0.180068 0.514968 0.180496 0.514968 0.182207 0.515875 0.184346 0.518295 0.186056 0.535228 0.186484 0.535531 0.186912 0.536740 0.186912 0.538252 0.187767 0.541881 0.188195 0.542183 0.188623 0.552464 0.189050 0.555186 0.187340 0.560629 0.185201 0.561839 0.184346 0.563048 0.182635 0.563653 0.180496 0.563653 0.179213 0.563955 0.178785 0.563955 0.172797 0.564258 0.172370 0.564258 0.171086 0.563955 0.170659 0.563955 0.145423 0.563653 0.144996 0.564258 0.124465 0.563653 0.122754 0.562746 0.121471 0.561536 0.120616 0.559722 0.120616 0.559419 0.120188 0.553069 0.120188 0.552767 0.120616 0.545207 0.120616 0.544905 0.120188 0.539764 0.120188 0.539462 0.120616 0.534321 0.120616 0.534019 0.120188 0.527971 0.120188 0.527669 0.120616 0.525854 0.120616 0.525552 0.120188 0.517690 0.120188 0.516178 0.121044
0 0.648624 0.325064 0.645600 0.327203 0.644693 0.327203 0.643484 0.328058 0.642879 0.329341 0.642879 0.338751 0.642576 0.339179 0.641972 0.343456 0.640762 0.347305 0.640762 0.350299 0.641367 0.352866 0.641669 0.359709 0.643181 0.365269 0.643181 0.371685 0.642879 0.372113 0.642879 0.374252 0.642576 0.374679 0.642576 0.376818 0.642274 0.377246 0.642576 0.377673 0.642576 0.379812 0.643181 0.382378 0.643181 0.384944 0.642879 0.385372 0.643181 0.395637 0.642274 0.398204 0.641064 0.399914 0.639552 0.400770 0.638645 0.402053 0.638040 0.404619 0.638040 0.405902 0.637738 0.406330 0.637738 0.411035 0.638040 0.411463 0.639552 0.411463 0.639855 0.411035 0.641669 0.411035 0.642576 0.410607 0.642879 0.411035 0.647415 0.411463 0.650136 0.412746 0.668582 0.412318 0.670094 0.410607 0.670396 0.409324 0.670396 0.400770 0.670699 0.399487 0.672210 0.397348 0.673420 0.396493 0.674630 0.393926 0.674630 0.389222 0.674327 0.388794 0.674327 0.387083 0.673118 0.381950 0.673118 0.377246 0.671606 0.372968 0.671606 0.371257 0.671908 0.370402 0.674327 0.367408 0.674932 0.366125 0.675234 0.363986 0.674932 0.363559 0.674630 0.359281 0.674327 0.358854 0.673722 0.343884 0.673420 0.343456 0.673420 0.342173 0.671303 0.337468 0.670699 0.335329 0.670396 0.328914 0.669791 0.326775 0.668884 0.325492 0.668279 0.325064 0.667070 0.325064 0.666767 0.324636 0.653765 0.324209 0.653462 0.324636 0.650136 0.324636 0.649834 0.325064
0 0.503004 0.340426 0.504716 0.397723 0.617113 0.396916 0.619966 0.413057 0.641646 0.410636 0.642217 0.325899 0.570328 0.327513 0.566905 0.338812
0 0.489265 0.357571 0.485032 0.357571 0.481705 0.355860 0.473541 0.363131 0.466888 0.361848 0.446326 0.361848 0.443907 0.362703 0.413366 0.361848 0.405806 0.362703 0.402480 0.365697 0.402177 0.372113 0.403084 0.376818 0.402480 0.387511 0.400968 0.389222 0.396432 0.390932 0.392198 0.395210 0.397037 0.400770 0.397037 0.403336 0.395525 0.408469 0.390989 0.410607 0.390384 0.412318 0.393710 0.414457 0.399456 0.414029 0.402177 0.415312 0.404294 0.420873 0.410644 0.431138 0.413063 0.440547 0.413970 0.447391 0.412761 0.451668 0.413063 0.520530 0.412458 0.543627 0.413063 0.546621 0.412761 0.554748 0.413366 0.558169 0.414575 0.559880 0.418506 0.559880 0.425764 0.562447 0.433021 0.561591 0.452979 0.562874 0.455700 0.561591 0.482008 0.559453 0.485334 0.556886 0.486241 0.552609 0.485939 0.511121 0.487148 0.475620 0.486846 0.458512 0.485032 0.452951 0.481403 0.450385 0.477170 0.449102 0.476262 0.441403 0.477774 0.438837 0.482008 0.440547 0.484125 0.438837 0.485637 0.435843 0.486241 0.400770 0.489265 0.393926 0.486241 0.382378 0.489568 0.375535 0.493196 0.376818 0.494708 0.371685 0.493801 0.364842