0 0.566677 0.256202 0.565770 0.257913 0.565165 0.262618 0.565467 0.360565 0.566374 0.363559 0.568491 0.365269 0.571213 0.363986 0.574841 0.363559 0.578470 0.363986 0.612035 0.363559 0.617780 0.363131 0.620200 0.362275 0.624735 0.362275 0.633807 0.363986 0.634714 0.363559 0.635924 0.359709 0.635621 0.352010 0.636529 0.348161 0.635924 0.341745 0.637133 0.337040 0.637436 0.329769 0.637436 0.258768 0.636529 0.256630 0.634412 0.255346 0.632900 0.255774 0.605685 0.255346 0.596613 0.256202 0.592985 0.255346 0.579377 0.255774 0.574236 0.254919 0.569398 0.254919
0 0.720593 0.255346 0.718778 0.254491 0.702449 0.255346 0.674327 0.255346 0.664046 0.256630 0.652253 0.255346 0.641972 0.255346 0.641064 0.256202 0.640157 0.259624 0.640762 0.349016 0.641669 0.358854 0.642274 0.360992 0.643181 0.361848 0.645600 0.362275 0.653462 0.360992 0.658301 0.360992 0.663744 0.362275 0.667372 0.363986 0.672815 0.363131 0.718174 0.363986 0.719988 0.363131 0.721500 0.360137 0.720895 0.297690 0.721197 0.257485
0 0.720593 0.387511 0.717266 0.385800 0.689749 0.386655 0.674327 0.386228 0.667977 0.386655 0.666163 0.388366 0.665558 0.390505 0.665860 0.408041 0.664953 0.417023 0.666163 0.425150 0.666163 0.430282 0.666767 0.432849 0.666767 0.437126 0.665558 0.443541 0.665256 0.508554 0.666163 0.514970 0.667372 0.517109 0.676444 0.518392 0.709404 0.518820 0.712428 0.517964 0.717569 0.518392 0.719686 0.517536 0.720895 0.515826 0.721802 0.511976 0.721802 0.505133 0.721197 0.495723 0.721500 0.389649
0 0.663744 0.440975 0.662534 0.440547 0.661022 0.441403 0.655277 0.441831 0.654974 0.442258 0.653462 0.442258 0.653160 0.441831 0.649531 0.441831 0.649229 0.442258 0.644995 0.442258 0.644693 0.441831 0.639250 0.441831 0.638948 0.442258 0.637738 0.442258 0.637436 0.441831 0.621409 0.442258 0.619595 0.443969 0.618990 0.446535 0.618990 0.451668 0.619292 0.452096 0.619292 0.457228 0.619595 0.457656 0.619595 0.463216 0.619292 0.463644 0.619595 0.510265 0.619292 0.510693 0.619292 0.514115 0.619595 0.514542 0.619595 0.517109 0.621107 0.519675 0.622316 0.520530 0.625038 0.520958 0.625340 0.521386 0.632900 0.520958 0.633202 0.520530 0.636529 0.520530 0.636831 0.520103 0.644088 0.520530 0.644391 0.520103 0.646810 0.519675 0.647112 0.519247 0.649229 0.519247 0.649531 0.519675 0.654974 0.519247 0.656486 0.520103 0.659510 0.520530 0.662232 0.519247 0.663744 0.517964 0.664348 0.515826 0.664348 0.508554 0.664046 0.508127 0.664046 0.503422 0.663744 0.502994 0.663744 0.469204 0.664046 0.468777 0.664046 0.455090 0.663744 0.454662 0.664046 0.453379 0.664046 0.441831
0 0.616873 0.444397 0.615664 0.442686 0.613547 0.441403 0.610826 0.441403 0.610523 0.440975 0.597823 0.441403 0.597520 0.441831 0.594496 0.441831 0.594194 0.442258 0.586937 0.442258 0.586634 0.442686 0.575748 0.442686 0.575446 0.443114 0.563048 0.442686 0.562746 0.443114 0.560931 0.443114 0.560327 0.443541 0.559722 0.445252 0.559419 0.453379 0.559722 0.453807 0.559722 0.489307 0.560024 0.489735 0.559722 0.511976 0.560629 0.514970 0.562443 0.517109 0.565165 0.517536 0.565467 0.517964 0.582099 0.517536 0.582401 0.517964 0.589054 0.518392 0.589356 0.517964 0.591473 0.517964 0.591775 0.517536 0.599335 0.517536 0.599637 0.517964 0.604475 0.517964 0.604778 0.518392 0.609314 0.517964 0.609616 0.518392 0.612640 0.518392 0.613547 0.518820 0.616269 0.517536 0.617478 0.515826 0.618083 0.512831 0.618083 0.508982 0.617780 0.508554 0.617780 0.501711 0.618083 0.501283 0.617780 0.499572 0.617780 0.485885 0.617478 0.485458 0.617478 0.481608 0.617780 0.481181 0.617780 0.478186 0.618083 0.477759 0.618083 0.474337 0.617780 0.473909 0.617780 0.451668 0.617478 0.451240 0.617478 0.446535
0 0.661627 0.369119 0.659510 0.365697 0.656789 0.364842 0.654672 0.364842 0.650438 0.366553 0.635017 0.366553 0.631993 0.365697 0.621107 0.364842 0.619595 0.365697 0.618083 0.367836 0.616873 0.371257 0.616269 0.374252 0.615966 0.383234 0.614757 0.386655 0.613245 0.387938 0.596311 0.387938 0.593589 0.387083 0.568189 0.387083 0.566979 0.388794 0.566677 0.396065 0.565770 0.398204 0.563955 0.400342 0.559722 0.401198 0.557000 0.406330 0.556093 0.411891 0.556093 0.436270 0.558512 0.439692 0.562746 0.440975 0.587844 0.441403 0.593892 0.440120 0.602056 0.440547 0.605685 0.439264 0.614454 0.440120 0.616269 0.440975 0.642274 0.440975 0.645903 0.439692 0.655277 0.439692 0.659510 0.440547 0.660720 0.439692 0.662534 0.436270 0.662232 0.423011 0.661325 0.419589 0.661325 0.415740 0.663139 0.408469 0.663139 0.381095
0 0.472331 0.399487 0.471122 0.403764 0.471424 0.437553 0.470819 0.450385 0.471122 0.470488 0.470517 0.475192 0.470819 0.565868 0.474751 0.568862 0.481403 0.569718 0.497127 0.569718 0.501058 0.568435 0.510735 0.568435 0.513456 0.569718 0.520714 0.570573 0.527971 0.570573 0.534019 0.569290 0.540671 0.570573 0.552162 0.568862 0.553674 0.566296 0.554884 0.559025 0.554581 0.541488 0.555488 0.535928 0.555488 0.522669 0.554884 0.517964 0.555488 0.513687 0.555488 0.463644 0.554884 0.440975 0.554279 0.437126 0.554581 0.410607 0.555488 0.407186 0.554884 0.402908 0.552767 0.400770 0.547929 0.399487 0.543695 0.400342 0.533716 0.399487 0.521318 0.399487 0.518295 0.400342 0.491987 0.399059 0.485637 0.399914 0.477472 0.399059
0 0.515271 0.306245 0.514363 0.307528 0.514363 0.308383 0.514061 0.308811 0.514061 0.325920 0.513759 0.326347 0.513759 0.333191 0.513456 0.333618 0.513456 0.337040 0.513154 0.337468 0.513154 0.348161 0.513456 0.348589 0.513456 0.352438 0.513759 0.352866 0.513456 0.372113 0.513759 0.372541 0.513759 0.392216 0.514061 0.392643 0.514061 0.393499 0.514968 0.394782 0.521621 0.395210 0.521923 0.395637 0.523737 0.395637 0.524040 0.395210 0.529181 0.395210 0.529483 0.395637 0.540369 0.395210 0.540671 0.395637 0.543998 0.395637 0.545510 0.394354 0.546114 0.393071 0.546114 0.391360 0.546417 0.390932 0.546417 0.387511 0.546114 0.387083 0.546114 0.384944 0.545812 0.384517 0.545812 0.375535 0.545510 0.375107 0.545510 0.372541 0.545207 0.372113 0.545207 0.369547 0.545510 0.369119 0.545510 0.356287 0.545812 0.355860 0.545812 0.350299 0.545510 0.349872 0.545510 0.344311 0.545812 0.343884 0.545812 0.340034 0.545510 0.339606 0.545510 0.310094 0.545207 0.309666 0.545207 0.308383 0.544300 0.306672 0.542788 0.305817 0.517085 0.305817 0.516783 0.306245
0 0.458724 0.307956 0.457817 0.310522 0.457817 0.314371 0.457514 0.314799 0.457514 0.320359 0.457817 0.320787 0.457817 0.327203 0.457514 0.327630 0.457514 0.334046 0.457817 0.334474 0.457817 0.337468 0.457514 0.337896 0.457514 0.346450 0.457817 0.346878 0.457817 0.348161 0.457514 0.348589 0.457514 0.366553 0.457212 0.366980 0.457212 0.384944 0.456910 0.385372 0.456910 0.390932 0.457514 0.393071 0.458422 0.394354 0.459933 0.395210 0.466284 0.396065 0.466586 0.395637 0.470215 0.395637 0.470517 0.395210 0.484729 0.395210 0.485032 0.394782 0.486241 0.394782 0.488056 0.393499 0.488660 0.391788 0.489870 0.390505 0.490475 0.390505 0.492289 0.391788 0.494103 0.391788 0.495313 0.390505 0.495918 0.388366 0.495918 0.386655 0.495615 0.386228 0.495615 0.375535 0.495011 0.373396 0.495011 0.369974 0.496220 0.366125 0.496220 0.346450 0.496825 0.344739 0.496825 0.322498 0.496523 0.322070 0.496523 0.311377 0.496220 0.310950 0.496220 0.309666 0.495313 0.307956 0.494103 0.307100 0.491684 0.307100 0.491382 0.306672 0.488963 0.306672 0.488660 0.307100 0.486544 0.307100 0.486241 0.307528 0.475658 0.307528 0.475355 0.307100 0.473541 0.307100 0.473239 0.306672 0.472331 0.307100 0.469005 0.307100 0.468703 0.307528 0.468098 0.307100 0.460236 0.307100
0 0.451769 0.418306 0.448745 0.420873 0.444512 0.426433 0.439673 0.426861 0.437254 0.428571 0.435742 0.428571 0.434533 0.426861 0.432416 0.421728 0.432114 0.419589 0.431207 0.418734 0.430602 0.423867 0.430602 0.431138 0.431207 0.433276 0.431207 0.436270 0.429997 0.437981 0.427880 0.439264 0.424856 0.439692 0.415482 0.437981 0.413668 0.438837 0.412156 0.441403 0.413366 0.450813 0.413366 0.460650 0.412156 0.470060 0.412761 0.527802 0.412156 0.535073 0.412761 0.539778 0.413668 0.541488 0.414878 0.542344 0.432718 0.543199 0.437859 0.541061 0.436347 0.535500 0.438464 0.526518 0.441488 0.518392 0.441488 0.517109 0.440278 0.515398 0.439673 0.513259 0.439673 0.510693 0.440883 0.506416 0.440581 0.500428 0.443302 0.496578 0.444512 0.496578 0.446628 0.499145 0.447233 0.501711 0.446628 0.505560 0.446628 0.512831 0.445419 0.516681 0.445721 0.519247 0.447536 0.523524 0.448745 0.523952 0.451769 0.517109 0.452374 0.505988 0.450862 0.501711 0.450862 0.500428 0.452979 0.495295 0.453886 0.482036 0.453886 0.473482 0.452676 0.465783 0.452676 0.446535 0.451769 0.442686 0.452979 0.432421 0.452979 0.421300
0 0.452374 0.544482 0.450257 0.545338 0.440278 0.545338 0.436347 0.547049 0.431509 0.547049 0.427578 0.545766 0.423042 0.546193 0.419716 0.545338 0.409737 0.545338 0.407923 0.546193 0.405503 0.546193 0.402782 0.545338 0.394315 0.545338 0.391896 0.545766 0.390686 0.546621 0.390082 0.549187 0.389477 0.560736 0.389779 0.561163 0.389779 0.576989 0.390384 0.580411 0.390384 0.585115 0.390082 0.585543 0.390384 0.627887 0.390082 0.630881 0.390989 0.639863 0.395222 0.640719 0.396432 0.642002 0.397339 0.645423 0.398851 0.646707 0.401875 0.646279 0.404596 0.643285 0.406108 0.642429 0.410039 0.642002 0.412156 0.641146 0.417297 0.641146 0.419111 0.642002 0.425159 0.642002 0.425461 0.641574 0.431811 0.641574 0.433928 0.640719 0.436347 0.640719 0.439371 0.642857 0.449955 0.642857 0.450257 0.643285 0.452979 0.642857 0.453583 0.640291 0.453583 0.632592 0.453886 0.632164 0.453583 0.619760 0.453886 0.619333 0.454188 0.602224 0.453583 0.593670 0.454188 0.588537 0.454188 0.576989 0.453886 0.576561 0.453886 0.568007 0.453281 0.563302 0.453281 0.546621
0 0.351376 0.516253 0.350469 0.517536 0.350166 0.536784 0.351073 0.547904 0.350469 0.551326 0.350166 0.582977 0.349562 0.586826 0.349259 0.600513 0.348654 0.604363 0.348654 0.639008 0.349562 0.640719 0.351678 0.641574 0.360145 0.640719 0.363471 0.641146 0.364983 0.642002 0.366495 0.642002 0.369217 0.640719 0.387360 0.641146 0.389779 0.639435 0.393106 0.635158 0.390989 0.630881 0.390384 0.626604 0.390686 0.586826 0.388872 0.582549 0.389174 0.574850 0.388570 0.571001 0.389174 0.567151 0.389174 0.552181 0.390082 0.548760 0.389477 0.541061 0.390384 0.539350 0.393408 0.537211 0.394920 0.537211 0.398549 0.539350 0.403689 0.539350 0.406108 0.540633 0.407318 0.540205 0.409132 0.535500 0.409132 0.520103 0.407923 0.517964 0.406411 0.517109 0.400060 0.516253 0.390989 0.517964 0.387663 0.517109 0.382220 0.517109 0.378591 0.517964 0.374660 0.520103 0.372543 0.520103 0.369217 0.517109 0.365891 0.517536 0.362262 0.515398
0 0.328394 0.301540 0.327185 0.307100 0.328092 0.340462 0.327487 0.393926 0.326580 0.399914 0.325975 0.431138 0.324766 0.435415 0.324766 0.439264 0.326278 0.440547 0.331418 0.441403 0.341699 0.440975 0.346538 0.444825 0.348654 0.449102 0.349562 0.454234 0.348654 0.458084 0.349259 0.466638 0.348352 0.474765 0.349864 0.482036 0.349864 0.487169 0.347445 0.493157 0.348050 0.499145 0.347747 0.511976 0.352283 0.514970 0.361657 0.515398 0.369822 0.510693 0.378591 0.510265 0.381615 0.512404 0.391896 0.512404 0.394013 0.511548 0.398549 0.514970 0.407923 0.514970 0.410039 0.510265 0.410946 0.497434 0.408527 0.469632 0.408527 0.464072 0.409737 0.459367 0.409132 0.452524 0.410342 0.448674 0.410342 0.445680 0.409435 0.441831 0.410039 0.435843 0.408527 0.411891 0.405503 0.407186 0.405201 0.405047 0.405503 0.400342 0.407318 0.395210 0.406713 0.388794 0.408225 0.385800 0.412156 0.383234 0.412458 0.381950 0.408527 0.377246 0.408830 0.355432 0.407620 0.340034 0.408225 0.330197 0.406411 0.324209 0.406713 0.314371 0.406108 0.308383 0.405201 0.307100 0.395222 0.304962 0.384941 0.305817 0.378288 0.303678 0.368310 0.307100 0.360448 0.304106 0.351073 0.304962 0.345630 0.302823 0.341095 0.302395 0.335954 0.305817 0.333233 0.302823
0 0.455700 0.306245 0.452676 0.304962 0.433928 0.304534 0.430904 0.305817 0.429695 0.305817 0.428485 0.306672 0.425461 0.306672 0.425159 0.306245 0.415180 0.306245 0.412458 0.304962 0.409435 0.304962 0.407620 0.305817 0.406411 0.307528 0.405503 0.311377 0.405503 0.316082 0.405806 0.316510 0.405806 0.340462 0.406108 0.342173 0.405806 0.342600 0.405806 0.355860 0.405503 0.356287 0.405503 0.368263 0.405201 0.368691 0.405201 0.373824 0.406108 0.376818 0.406108 0.383661 0.405806 0.384089 0.405806 0.387511 0.405201 0.390077 0.404899 0.394782 0.404294 0.397348 0.404294 0.401625 0.405503 0.404192 0.407620 0.405475 0.410946 0.406330 0.413366 0.406330 0.413668 0.406758 0.416087 0.406758 0.418809 0.405902 0.432718 0.405902 0.437557 0.407186 0.444814 0.407613 0.447536 0.408469 0.452071 0.408041 0.452979 0.407186 0.454188 0.402908 0.454188 0.394782 0.455095 0.393071 0.456002 0.389649 0.455700 0.384089 0.455398 0.383661 0.455398 0.372113 0.456305 0.367408 0.456305 0.327630 0.456607 0.327203 0.456607 0.313944 0.456910 0.313516 0.456910 0.310950 0.456607 0.310522 0.456607 0.307956
0 0.142425 0.573995 0.140913 0.575706 0.137587 0.587254 0.136680 0.597091 0.134563 0.598375 0.133656 0.601369 0.133354 0.607357 0.135773 0.610778 0.134865 0.616339 0.133354 0.618905 0.130330 0.614628 0.126096 0.626176 0.124887 0.642002 0.123979 0.643713 0.122165 0.643713 0.120956 0.646707 0.119746 0.656544 0.117932 0.657827 0.116117 0.668092 0.112791 0.675364 0.111581 0.685629 0.109465 0.689050 0.103719 0.712147 0.100998 0.716852 0.099486 0.728828 0.094345 0.741232 0.094345 0.745081 0.091926 0.750214 0.091019 0.759196 0.087995 0.764756 0.086786 0.772883 0.084669 0.776304 0.081645 0.791275 0.077412 0.804962 0.081040 0.810522 0.088902 0.813088 0.092229 0.816510 0.096462 0.816510 0.101300 0.822070 0.104929 0.823781 0.112489 0.824636 0.114001 0.827630 0.116722 0.829341 0.120956 0.828914 0.122467 0.833618 0.130632 0.836613 0.133656 0.840034 0.140006 0.842173 0.143635 0.845595 0.160871 0.854149 0.167221 0.859281 0.182038 0.865269 0.192319 0.872968 0.196250 0.872968 0.205624 0.855004 0.208951 0.834902 0.211370 0.829341 0.214394 0.825920 0.215906 0.813516 0.222256 0.796407 0.224675 0.776732 0.231932 0.761334 0.232537 0.753208 0.234956 0.749786 0.236770 0.740376 0.239190 0.736099 0.240097 0.726689 0.242818 0.720701 0.243725 0.715141 0.247354 0.709581 0.248866 0.693328 0.251890 0.686484 0.259450 0.658683 0.259450 0.643713 0.258542 0.641574 0.253100 0.642002 0.250076 0.640719 0.249168 0.639008 0.249773 0.636441 0.245540 0.636441 0.242516 0.634303 0.237073 0.634731 0.229211 0.629170 0.227396 0.625749 0.218022 0.619760 0.210463 0.619333 0.200484 0.611634 0.199577 0.607357 0.199274 0.608640 0.196553 0.609068 0.193529 0.606929 0.187783 0.606074 0.185062 0.602224 0.181736 0.600513 0.179014 0.594098 0.175386 0.593242 0.172664 0.595808 0.170547 0.595808 0.167826 0.593670 0.167826 0.591959 0.169943 0.589393 0.150287 0.580411 0.147868 0.575706