0 0.295736 0.323353 0.291805 0.323781 0.287572 0.319932 0.283943 0.319076 0.275476 0.321215 0.265497 0.320787 0.263683 0.319932 0.254611 0.319932 0.250076 0.321642 0.245540 0.321215 0.243725 0.322498 0.239794 0.327203 0.239190 0.328914 0.239190 0.343028 0.238282 0.346878 0.238887 0.371257 0.240702 0.374252 0.244633 0.376390 0.247052 0.376818 0.247656 0.377673 0.247052 0.379384 0.243725 0.380667 0.241911 0.381950 0.241306 0.383234 0.241306 0.389222 0.238585 0.403764 0.239492 0.420017 0.241609 0.428999 0.240097 0.435843 0.240097 0.440975 0.239190 0.446963 0.239492 0.453807 0.240097 0.455945 0.241306 0.457656 0.246145 0.458939 0.249168 0.458512 0.256426 0.459795 0.262474 0.459795 0.264590 0.458939 0.280919 0.459795 0.286362 0.457656 0.300272 0.458512 0.302086 0.457656 0.303598 0.455518 0.304203 0.453379 0.304203 0.449102 0.303296 0.442258 0.303296 0.434987 0.301784 0.429427 0.301482 0.426005 0.302086 0.420017 0.301179 0.402481 0.301784 0.396065 0.301482 0.388794 0.302086 0.384517 0.301784 0.350727 0.301179 0.347305 0.301179 0.342173 0.298760 0.335757 0.296946 0.324636
0 0.241306 0.461078 0.240097 0.463216 0.239794 0.466210 0.240399 0.469204 0.241004 0.488452 0.241911 0.493157 0.241004 0.508554 0.241609 0.520530 0.241004 0.527802 0.241306 0.535500 0.240399 0.544055 0.240702 0.585115 0.242213 0.594953 0.242818 0.629598 0.241609 0.634303 0.242213 0.645851 0.242818 0.647134 0.246145 0.648845 0.253100 0.649701 0.262474 0.648845 0.266405 0.651411 0.278198 0.650984 0.283338 0.652695 0.289084 0.650556 0.296039 0.650556 0.302086 0.651839 0.307832 0.650556 0.312065 0.646707 0.312368 0.640291 0.311763 0.630026 0.312368 0.623610 0.312065 0.597091 0.311461 0.594953 0.312368 0.589393 0.312368 0.517964 0.311763 0.513259 0.312368 0.480753 0.310856 0.475620 0.311763 0.463644 0.310251 0.461506 0.307529 0.460222 0.287572 0.460222 0.284246 0.461078 0.279407 0.460222 0.268824 0.461078 0.265497 0.460222 0.262474 0.461506 0.259147 0.460222 0.246447 0.460222
0 0.397641 0.317793 0.396129 0.323353 0.396432 0.337040 0.395827 0.340034 0.396734 0.392216 0.396432 0.399487 0.397641 0.411463 0.398246 0.412746 0.401875 0.414029 0.407318 0.413174 0.415785 0.414457 0.426973 0.413174 0.429695 0.414457 0.434533 0.415312 0.459026 0.415312 0.465376 0.414029 0.469610 0.414029 0.471424 0.414885 0.478077 0.414885 0.482310 0.417023 0.487148 0.415312 0.493196 0.410607 0.497127 0.409752 0.498337 0.407186 0.498337 0.396065 0.497430 0.390077 0.498034 0.385372 0.497732 0.375535 0.498337 0.371257 0.497732 0.363986 0.498337 0.361420 0.498337 0.357571 0.497732 0.354149 0.497732 0.346022 0.496825 0.341745 0.498034 0.337896 0.498034 0.333618 0.497430 0.331052 0.497127 0.320359 0.495011 0.317365 0.489870 0.316082 0.473541 0.315227 0.470517 0.316082 0.459329 0.315227 0.451769 0.316938 0.448745 0.313944 0.443907 0.313944 0.440581 0.315227 0.431811 0.315227 0.423949 0.322070 0.422740 0.322070 0.419413 0.319504 0.414575 0.318221 0.406713 0.318648 0.402782 0.316510 0.398851 0.316510
0 0.546114 0.504277 0.545207 0.500000 0.543393 0.496151 0.538857 0.495723 0.531902 0.489735 0.525249 0.488452 0.523133 0.487169 0.518597 0.488024 0.500454 0.488452 0.500151 0.488879 0.495918 0.488879 0.495615 0.488452 0.488358 0.488879 0.488056 0.488452 0.479589 0.488452 0.479286 0.488024 0.463562 0.488024 0.463260 0.488452 0.443000 0.488024 0.440581 0.488879 0.436045 0.488879 0.435138 0.490163 0.434230 0.493157 0.434533 0.500000 0.432718 0.505988 0.432718 0.513259 0.432114 0.520103 0.432416 0.522669 0.433323 0.523952 0.436650 0.525663 0.439976 0.526091 0.457212 0.526091 0.457514 0.526518 0.466284 0.526518 0.466586 0.526946 0.473239 0.526946 0.473541 0.526518 0.478682 0.526946 0.483520 0.526091 0.487148 0.526091 0.487451 0.526518 0.507409 0.526091 0.509525 0.526946 0.518597 0.527374 0.521016 0.526518 0.529785 0.526518 0.534926 0.525663 0.535228 0.526091 0.538857 0.526091 0.542788 0.527374 0.543998 0.526946 0.545510 0.524808 0.546114 0.522241
0 0.549138 0.417451 0.548231 0.419162 0.548231 0.477331 0.547929 0.477759 0.547929 0.484602 0.547626 0.485030 0.547626 0.498717 0.548231 0.501283 0.550348 0.503422 0.560629 0.503422 0.560931 0.503849 0.579075 0.503849 0.579377 0.504277 0.595404 0.503849 0.595706 0.504277 0.602963 0.504277 0.605685 0.503422 0.606592 0.501283 0.606592 0.486741 0.606894 0.486313 0.606894 0.444825 0.606592 0.444397 0.606894 0.423867 0.606592 0.423439 0.606290 0.417879 0.605080 0.416595 0.603568 0.416595 0.603266 0.417023 0.599637 0.417023 0.599335 0.416595 0.588146 0.416595 0.587844 0.417023 0.583308 0.417023 0.583006 0.416595 0.578167 0.416595 0.577865 0.417023 0.550650 0.416595
0 0.521016 0.418734 0.519202 0.417451 0.504385 0.417879 0.504082 0.418306 0.502570 0.418306 0.499849 0.419589 0.499244 0.420445 0.498639 0.423439 0.497732 0.424294 0.491382 0.424294 0.491080 0.423867 0.483217 0.423867 0.482915 0.423439 0.480798 0.423439 0.479891 0.424294 0.478077 0.424722 0.477774 0.425150 0.470819 0.425150 0.469912 0.425577 0.469005 0.427288 0.468703 0.431138 0.468400 0.431565 0.468400 0.451240 0.468703 0.451668 0.468703 0.453807 0.468400 0.454234 0.468098 0.479042 0.467493 0.481181 0.467493 0.482891 0.469005 0.484602 0.470819 0.485885 0.472936 0.486313 0.473239 0.486741 0.482613 0.486741 0.482915 0.487169 0.488056 0.487169 0.488358 0.486741 0.491987 0.486741 0.492289 0.487169 0.520109 0.487169 0.520411 0.486741 0.521318 0.486741 0.522528 0.484602 0.522528 0.478614 0.522226 0.478186 0.522226 0.466638 0.521923 0.466210 0.521923 0.434987 0.521621 0.434559 0.521923 0.423011 0.521621 0.422583 0.521621 0.420445
0 0.461143 0.422156 0.459631 0.421728 0.459329 0.422156 0.457817 0.422156 0.457514 0.422583 0.456305 0.422583 0.456002 0.423011 0.455095 0.423011 0.454793 0.423439 0.453886 0.423439 0.453583 0.423867 0.451164 0.423867 0.450862 0.423439 0.449955 0.423439 0.449652 0.423011 0.447536 0.423011 0.446931 0.423439 0.446024 0.424722 0.445721 0.425577 0.445721 0.427288 0.445419 0.427716 0.445419 0.429855 0.445116 0.430282 0.445116 0.431138 0.443907 0.434559 0.443302 0.435415 0.442093 0.436270 0.441185 0.437553 0.440883 0.438409 0.440883 0.439692 0.440581 0.440120 0.440581 0.441831 0.440278 0.442258 0.440278 0.443969 0.439976 0.444397 0.439976 0.446535 0.439673 0.447391 0.439976 0.447819 0.439976 0.448674 0.443604 0.453379 0.443907 0.454234 0.443907 0.457656 0.443302 0.459367 0.442697 0.459795 0.441488 0.461506 0.441185 0.461506 0.439673 0.463644 0.439371 0.464500 0.439371 0.466210 0.439069 0.466638 0.439069 0.473909 0.438766 0.474337 0.438766 0.477331 0.438464 0.477759 0.438464 0.478614 0.438161 0.479042 0.438161 0.479897 0.437557 0.481608 0.437557 0.482891 0.438464 0.484174 0.439069 0.484602 0.439976 0.484602 0.440278 0.485030 0.441488 0.485030 0.441790 0.485458 0.443604 0.485458 0.443907 0.485885 0.444814 0.485885 0.446024 0.486741 0.447536 0.486741 0.447838 0.487169 0.453886 0.487169 0.454188 0.487596 0.458119 0.487596 0.458422 0.487169 0.459631 0.487169 0.459933 0.486741 0.460841 0.486741 0.461445 0.486313 0.462957 0.484174 0.463260 0.483319 0.463260 0.470915 0.463562 0.470488 0.463562 0.467921 0.463865 0.467494 0.463865 0.466210 0.464167 0.465783 0.464167 0.462789 0.464469 0.462361 0.464469 0.455090 0.464167 0.454662 0.464167 0.452524 0.464469 0.452096 0.464469 0.449102 0.464772 0.448674 0.464772 0.447391 0.465074 0.446963 0.465074 0.445252 0.465376 0.444825 0.465679 0.440975 0.465376 0.440547 0.465376 0.438837 0.465074 0.438409 0.465074 0.436270 0.464772 0.435843 0.464772 0.434559 0.464469 0.434132 0.464469 0.432849 0.463865 0.431138 0.463865 0.429855 0.463260 0.428144 0.463260 0.426861 0.462957 0.426433 0.462957 0.425577 0.462353 0.423867
0 0.436045 0.428571 0.431207 0.427716 0.428183 0.429427 0.426973 0.427716 0.426066 0.424722 0.424252 0.423011 0.423042 0.423011 0.421833 0.424294 0.419413 0.425577 0.414273 0.425150 0.412156 0.426005 0.409737 0.426005 0.407318 0.425150 0.403992 0.426433 0.401572 0.426433 0.400060 0.425577 0.398246 0.425577 0.396432 0.427716 0.395525 0.430710 0.395525 0.434987 0.395222 0.435415 0.395525 0.443969 0.396734 0.450385 0.398851 0.455090 0.399153 0.458939 0.396129 0.466210 0.395222 0.470488 0.395222 0.473909 0.394920 0.474337 0.394617 0.499145 0.394920 0.499572 0.394920 0.519247 0.395222 0.519675 0.395222 0.522669 0.395525 0.523524 0.398851 0.524808 0.399456 0.524380 0.401875 0.524380 0.402177 0.523952 0.405806 0.524380 0.406108 0.524808 0.426368 0.524808 0.429392 0.523524 0.431207 0.521814 0.432718 0.519247 0.433021 0.515826 0.432718 0.515398 0.432114 0.509838 0.431207 0.506416 0.430602 0.494440 0.433021 0.491446 0.434533 0.487596 0.437859 0.482891 0.439371 0.478186 0.439069 0.468777 0.439976 0.465355 0.439976 0.462361 0.439673 0.461933 0.439673 0.455945 0.440278 0.453379 0.439976 0.452951 0.439976 0.449102 0.437859 0.442258 0.437859 0.433276 0.437254 0.430282
0 0.396734 0.530796 0.395525 0.533790 0.395525 0.538067 0.396129 0.541061 0.395827 0.563730 0.395222 0.568862 0.395525 0.628315 0.394617 0.633447 0.394920 0.636869 0.396734 0.642002 0.399153 0.644140 0.403992 0.643285 0.420623 0.643713 0.423344 0.644568 0.426973 0.642857 0.430904 0.643713 0.438161 0.643285 0.444512 0.644140 0.453583 0.644140 0.455700 0.643285 0.463260 0.642429 0.465679 0.641146 0.469912 0.634731 0.469005 0.631737 0.468400 0.610351 0.468400 0.596664 0.469308 0.580411 0.468098 0.572712 0.468098 0.563302 0.467493 0.554748 0.468098 0.547476 0.468098 0.538922 0.469005 0.535500 0.467796 0.532506 0.465679 0.530796 0.461143 0.529940 0.439371 0.529940 0.437254 0.530796 0.433021 0.530796 0.423949 0.529085 0.420925 0.529940 0.404294 0.530368 0.398851 0.529512
0 0.605080 0.529940 0.597823 0.531223 0.591775 0.530796 0.586634 0.531651 0.579982 0.531651 0.577563 0.530796 0.562443 0.531223 0.559722 0.530368 0.550045 0.530368 0.539462 0.532079 0.530390 0.531223 0.527669 0.532506 0.526761 0.535073 0.526459 0.538922 0.527064 0.548332 0.526761 0.559025 0.525854 0.560736 0.523435 0.562447 0.522830 0.563730 0.522830 0.565013 0.523435 0.565868 0.526459 0.565868 0.527669 0.566724 0.529181 0.569290 0.528878 0.571001 0.524947 0.573139 0.524040 0.574850 0.524342 0.636014 0.527064 0.639435 0.530390 0.641574 0.544905 0.641146 0.547021 0.639863 0.555791 0.642002 0.566072 0.642002 0.568491 0.641146 0.575748 0.642002 0.581191 0.641146 0.592682 0.641574 0.601451 0.640291 0.605080 0.638580 0.605987 0.637297 0.606592 0.634731 0.605987 0.612489 0.606290 0.532506
0 0.315996 0.493157 0.314787 0.497006 0.313880 0.510265 0.314182 0.560736 0.313577 0.565868 0.313577 0.638580 0.314182 0.647134 0.316601 0.649701 0.323254 0.650556 0.341095 0.650984 0.345328 0.649273 0.355005 0.651839 0.381615 0.651411 0.384941 0.650128 0.386453 0.647134 0.387058 0.634731 0.387058 0.622327 0.386453 0.618477 0.387058 0.607357 0.386453 0.596236 0.387058 0.577844 0.386755 0.574850 0.384941 0.570573 0.384941 0.568862 0.387058 0.562447 0.388570 0.548760 0.388570 0.544910 0.387663 0.541916 0.388267 0.525235 0.387360 0.519675 0.388267 0.512404 0.388267 0.504705 0.386755 0.500428 0.386151 0.495723 0.385546 0.495295 0.384336 0.498289 0.382824 0.499572 0.371031 0.499572 0.363774 0.498289 0.340187 0.498717 0.335954 0.491873 0.332930 0.490163 0.330511 0.491446 0.327790 0.497006 0.324766 0.493157 0.321137 0.494440
0 0.348352 0.331908 0.345630 0.331908 0.345328 0.331480 0.344723 0.331908 0.339583 0.332335 0.339280 0.331908 0.332628 0.331908 0.332325 0.331480 0.327185 0.331052 0.326882 0.331480 0.324463 0.331480 0.321137 0.334902 0.319625 0.335757 0.316299 0.334474 0.312670 0.334902 0.312368 0.335329 0.310553 0.335329 0.308739 0.334474 0.303901 0.334474 0.302994 0.335757 0.302994 0.346878 0.303901 0.351155 0.304203 0.357571 0.304808 0.360565 0.304808 0.366125 0.305413 0.369974 0.303901 0.377246 0.304506 0.383661 0.303901 0.386655 0.303901 0.393499 0.302994 0.398631 0.303296 0.418734 0.304203 0.421300 0.305413 0.421728 0.312065 0.421300 0.313577 0.422156 0.319927 0.422156 0.320230 0.421728 0.321137 0.422156 0.325068 0.422156 0.325370 0.421728 0.328394 0.421728 0.331116 0.420873 0.339280 0.421300 0.339583 0.421728 0.348654 0.421300 0.351073 0.420017 0.352283 0.418306 0.353190 0.414457 0.356517 0.411035 0.356214 0.402908 0.353493 0.395637 0.353493 0.393926 0.354400 0.390505 0.354400 0.382378 0.351376 0.373824 0.350469 0.361848 0.350166 0.361420 0.350166 0.354149 0.351678 0.348161 0.351678 0.340462 0.352283 0.338751 0.352283 0.336612