0 0.386453 0.567151 0.385546 0.565868 0.383127 0.565013 0.381010 0.565013 0.379196 0.565868 0.373148 0.565013 0.370124 0.566724 0.368612 0.566724 0.366193 0.565868 0.361052 0.565441 0.354400 0.562874 0.348352 0.562874 0.344421 0.564157 0.331116 0.564157 0.330813 0.564585 0.319323 0.563730 0.315996 0.565441 0.312670 0.564585 0.307227 0.565013 0.302389 0.563730 0.297853 0.563730 0.295132 0.564585 0.294224 0.566296 0.293620 0.573139 0.293620 0.600513 0.294527 0.608640 0.294829 0.629598 0.295736 0.633020 0.297551 0.635158 0.299365 0.636014 0.304203 0.635586 0.308134 0.633875 0.312065 0.633875 0.315392 0.635158 0.321742 0.635158 0.325975 0.634303 0.335652 0.634303 0.335954 0.633875 0.354097 0.634303 0.366798 0.632592 0.386453 0.633447 0.388872 0.630453 0.389174 0.629170 0.388570 0.624038 0.388570 0.603080 0.387965 0.593242 0.387965 0.581694 0.387058 0.575278 0.387058 0.569718
0 0.181736 0.565868 0.180829 0.568435 0.180829 0.573995 0.181131 0.574423 0.181131 0.592814 0.180829 0.594098 0.181433 0.597519 0.180829 0.612489 0.182038 0.617622 0.181736 0.619760 0.181736 0.632164 0.181433 0.632592 0.181433 0.647134 0.182340 0.650128 0.184457 0.651839 0.188388 0.651839 0.192017 0.650128 0.192924 0.650556 0.200786 0.650556 0.203205 0.651411 0.212579 0.651411 0.212882 0.650984 0.217115 0.650556 0.219837 0.651839 0.221953 0.651839 0.224373 0.650556 0.236770 0.650556 0.237678 0.649273 0.238282 0.647134 0.238282 0.637297 0.237980 0.636869 0.237980 0.617622 0.237678 0.617194 0.237375 0.607784 0.237073 0.607357 0.237375 0.572284 0.237073 0.571856 0.236770 0.566296 0.236166 0.564585 0.234956 0.562874 0.233747 0.562019 0.231327 0.562019 0.229513 0.562874 0.214394 0.562874 0.209858 0.561591 0.207439 0.561591 0.202903 0.564157 0.200484 0.565013 0.198367 0.565013 0.198065 0.565441 0.193226 0.565441 0.192924 0.565013 0.189900 0.565013 0.189598 0.564585 0.183248 0.564585
0 0.096462 0.561163 0.095555 0.571856 0.097067 0.577844 0.096160 0.582549 0.098579 0.591959 0.098276 0.598375 0.096160 0.605218 0.097067 0.610778 0.096764 0.617622 0.098579 0.623182 0.097672 0.642429 0.098579 0.645851 0.098579 0.653122 0.100393 0.661249 0.100091 0.677502 0.101603 0.681779 0.101905 0.687767 0.104022 0.691617 0.106138 0.692044 0.109465 0.690334 0.112791 0.692472 0.156637 0.692472 0.165709 0.693755 0.184457 0.693328 0.187179 0.694611 0.191412 0.694611 0.195343 0.690761 0.202601 0.689478 0.230118 0.691617 0.237073 0.690761 0.238887 0.689050 0.239492 0.686056 0.238585 0.677074 0.239190 0.662532 0.237980 0.653550 0.236770 0.650556 0.233747 0.649273 0.232235 0.653122 0.228908 0.656972 0.224070 0.654833 0.221046 0.650556 0.217115 0.650984 0.215603 0.654405 0.214394 0.662960 0.212882 0.665526 0.208951 0.664243 0.205020 0.655261 0.201693 0.652267 0.199577 0.652267 0.195646 0.656544 0.191110 0.656116 0.187783 0.659538 0.184457 0.658255 0.179921 0.659110 0.178409 0.657827 0.176293 0.650984 0.175688 0.594953 0.176293 0.566724 0.175386 0.564157 0.157847 0.562874 0.145449 0.564585 0.138192 0.562874 0.128818 0.563302 0.111884 0.561163 0.102812 0.561163 0.100998 0.559880 0.097369 0.559880
0 0.322044 0.642002 0.320835 0.645423 0.321742 0.681352 0.321439 0.689478 0.322044 0.692472 0.322044 0.698460 0.320835 0.704448 0.320230 0.736099 0.319625 0.739521 0.319927 0.751497 0.321742 0.753208 0.329302 0.753636 0.332325 0.752352 0.335652 0.753208 0.339885 0.752780 0.351981 0.753636 0.361052 0.753208 0.367705 0.754063 0.370426 0.753636 0.387058 0.754063 0.388267 0.753208 0.389477 0.751497 0.391291 0.746792 0.391896 0.741232 0.391594 0.727117 0.392198 0.724551 0.392198 0.707442 0.391291 0.692900 0.392501 0.686912 0.392501 0.678785 0.391594 0.670231 0.389174 0.664243 0.388872 0.658255 0.389779 0.651839 0.387965 0.643713 0.386453 0.641574 0.385546 0.641146 0.367705 0.642002 0.364076 0.641574 0.348654 0.642002 0.344421 0.640719 0.341699 0.641574 0.337164 0.640719 0.335349 0.641146 0.324161 0.640719
0 0.294829 0.697177 0.294224 0.700171 0.296341 0.705304 0.295132 0.714713 0.295434 0.730967 0.294527 0.740376 0.295434 0.751497 0.294829 0.756630 0.294829 0.772455 0.295434 0.775021 0.295132 0.795552 0.295736 0.798546 0.295434 0.822498 0.296039 0.827630 0.298155 0.833191 0.299365 0.834474 0.312065 0.834902 0.314182 0.833618 0.315089 0.829341 0.316601 0.828486 0.318113 0.833618 0.319625 0.834474 0.334140 0.835329 0.342909 0.834046 0.348957 0.834902 0.361052 0.834046 0.366193 0.835329 0.367705 0.833618 0.370426 0.826347 0.374055 0.826347 0.378893 0.823781 0.381615 0.821215 0.382824 0.821215 0.383731 0.822926 0.383731 0.824209 0.382220 0.827203 0.382522 0.829341 0.385243 0.830624 0.386755 0.830197 0.387360 0.828914 0.387058 0.821215 0.388267 0.817365 0.387058 0.806672 0.387058 0.797263 0.388267 0.781865 0.387965 0.775021 0.388872 0.769461 0.388872 0.757485 0.388267 0.755774 0.385848 0.753208 0.382220 0.753208 0.378591 0.754491 0.365891 0.753636 0.361959 0.754919 0.348957 0.754063 0.344421 0.755774 0.341699 0.754919 0.331418 0.754919 0.328394 0.755774 0.320230 0.754491 0.318415 0.751925 0.317508 0.743370 0.317811 0.733533 0.316904 0.727545 0.317811 0.724551 0.318113 0.712575 0.316601 0.704876 0.317206 0.701454 0.316904 0.698460 0.315996 0.697177 0.309646 0.696749 0.304506 0.697605
0 0.198972 0.694611 0.196855 0.699316 0.195646 0.710009 0.196250 0.736099 0.196855 0.739521 0.196553 0.746792 0.195646 0.751497 0.195948 0.791275 0.192017 0.798974 0.191110 0.809239 0.191412 0.816938 0.194738 0.827630 0.194134 0.835757 0.194738 0.845167 0.195646 0.847733 0.200181 0.851583 0.213184 0.852010 0.216510 0.853721 0.225280 0.853721 0.237073 0.852010 0.270336 0.851583 0.274871 0.847305 0.288479 0.848161 0.291503 0.846878 0.293620 0.842173 0.294224 0.836613 0.293015 0.825492 0.293317 0.814371 0.292410 0.805817 0.292712 0.745081 0.292108 0.715997 0.292712 0.712575 0.292712 0.700171 0.291805 0.696749 0.290596 0.695038 0.284246 0.694183 0.269126 0.695466 0.253402 0.694611 0.250983 0.693328 0.240702 0.693328 0.238282 0.694183 0.214091 0.693328 0.208951 0.694611 0.201391 0.693755
0 0.189598 0.751925 0.188691 0.750642 0.184760 0.748931 0.184155 0.748075 0.182945 0.748075 0.180829 0.749358 0.177805 0.749358 0.176293 0.748503 0.170850 0.749358 0.167523 0.746792 0.166314 0.746792 0.163290 0.748931 0.158149 0.748503 0.155125 0.750642 0.151497 0.750642 0.149380 0.748931 0.143332 0.747648 0.139401 0.748503 0.135773 0.748075 0.127608 0.748503 0.122165 0.749786 0.117024 0.749358 0.114303 0.750642 0.112186 0.750642 0.108558 0.749358 0.103719 0.750642 0.102207 0.752780 0.101603 0.756630 0.102510 0.782720 0.100091 0.792985 0.100393 0.810094 0.100091 0.817793 0.100998 0.822926 0.101905 0.824209 0.103719 0.825064 0.110070 0.825064 0.111884 0.824209 0.114303 0.824209 0.117024 0.825920 0.121258 0.825492 0.125491 0.827630 0.131842 0.827203 0.147566 0.827630 0.149380 0.826775 0.159661 0.826347 0.162383 0.827630 0.163592 0.827203 0.167523 0.823781 0.169943 0.822926 0.172059 0.822926 0.174478 0.824209 0.180224 0.823353 0.183852 0.824636 0.187783 0.824636 0.188993 0.823781 0.189900 0.822070 0.189900 0.815654 0.188993 0.811805 0.189598 0.807100 0.189598 0.798546 0.190203 0.792558 0.191715 0.788281 0.191715 0.785287 0.191110 0.783148 0.191412 0.764328 0.189598 0.760051 0.189900 0.753636
0 0.100393 0.698888 0.100393 0.704021 0.100091 0.704448 0.100393 0.736955 0.101300 0.742515 0.103115 0.743798 0.112791 0.744226 0.113093 0.744654 0.114908 0.744226 0.118234 0.744226 0.118536 0.744654 0.145449 0.744226 0.147263 0.744654 0.153614 0.743370 0.155730 0.743370 0.158452 0.744226 0.192017 0.743798 0.193226 0.742943 0.194436 0.741232 0.194738 0.739949 0.194436 0.737382 0.194738 0.725406 0.194134 0.722840 0.194436 0.716424 0.193226 0.707442 0.193529 0.698888 0.192017 0.696749 0.187179 0.696749 0.183248 0.695466 0.178712 0.695894 0.174781 0.695038 0.167523 0.697605 0.165407 0.696322 0.162383 0.695466 0.157847 0.695466 0.155428 0.696322 0.150590 0.695894 0.150287 0.695466 0.148775 0.695894 0.141518 0.695466 0.139099 0.696322 0.136680 0.696322 0.136377 0.695894 0.128818 0.695466 0.128515 0.695038 0.122467 0.695038 0.121560 0.695466 0.117327 0.694611 0.116420 0.695038 0.103417 0.694611 0.101603 0.695466 0.100998 0.696322
0 0.541276 0.211719 0.541578 0.231394 0.540974 0.236099 0.541276 0.238666 0.540974 0.260907 0.541276 0.272027 0.542788 0.275449 0.591170 0.276305 0.597823 0.275449 0.607802 0.276305 0.621712 0.275877 0.626852 0.276732 0.628969 0.275877 0.642274 0.275449 0.643786 0.273738 0.644391 0.272027 0.644391 0.247220 0.644995 0.244226 0.644995 0.230539 0.644391 0.222412 0.643484 0.218135 0.643484 0.213858 0.643181 0.212147 0.641669 0.210436 0.636831 0.209153 0.605685 0.209581 0.601451 0.210436 0.596613 0.208298 0.563955 0.209153 0.560024 0.208298 0.555488 0.210864 0.551255 0.209581 0.543695 0.209153 0.542183 0.210009
0 0.650438 0.210009 0.648624 0.213430 0.648624 0.215997 0.647112 0.224551 0.647112 0.231822 0.648322 0.236099 0.648322 0.238238 0.646810 0.249358 0.646810 0.312660 0.646205 0.318221 0.646810 0.330624 0.646507 0.336185 0.647415 0.337468 0.650136 0.338751 0.652858 0.338751 0.654672 0.337896 0.667675 0.337896 0.673420 0.339179 0.678258 0.339179 0.683399 0.338323 0.689144 0.338751 0.691866 0.337468 0.704264 0.338323 0.707892 0.336185 0.713335 0.336612 0.720593 0.332763 0.723919 0.333618 0.726338 0.333618 0.727548 0.332763 0.728455 0.331052 0.727548 0.324209 0.727548 0.318648 0.725733 0.312660 0.726338 0.307100 0.724826 0.304534 0.719383 0.301967 0.716359 0.297690 0.714243 0.292558 0.711823 0.289564 0.711521 0.283148 0.710916 0.281865 0.709102 0.280582 0.704264 0.279299 0.682189 0.278443 0.679770 0.276305 0.679165 0.251497 0.679468 0.226689 0.678863 0.212575 0.676444 0.210436 0.670699 0.209153 0.663744 0.209581 0.661022 0.208725 0.653765 0.208725
0 0.742062 0.200599 0.740853 0.201882 0.740248 0.206587 0.739038 0.208298 0.734805 0.211292 0.733595 0.213430 0.733595 0.232678 0.733293 0.233105 0.733293 0.242515 0.733595 0.242943 0.733595 0.255346 0.733293 0.255774 0.733293 0.260479 0.733595 0.260907 0.733595 0.263045 0.733898 0.263473 0.734200 0.265612 0.735107 0.267323 0.736317 0.268178 0.736922 0.268178 0.737224 0.268606 0.738434 0.268606 0.738736 0.269033 0.739643 0.269033 0.739946 0.269461 0.747808 0.269461 0.748110 0.269033 0.754763 0.269033 0.755065 0.269461 0.756577 0.269461 0.757787 0.270317 0.758996 0.269889 0.759903 0.268606 0.761113 0.267750 0.765346 0.266467 0.766253 0.265184 0.766253 0.263473 0.766556 0.263045 0.766556 0.254919 0.766253 0.254491 0.766253 0.253636 0.766556 0.253208 0.766556 0.246792 0.766858 0.246364 0.766858 0.243798 0.767161 0.243370 0.767161 0.242087 0.766858 0.241660 0.766858 0.239521 0.766556 0.239093 0.766556 0.237382 0.766253 0.236955 0.766253 0.228400 0.765951 0.227973 0.765951 0.213430 0.765649 0.213003 0.765649 0.212147 0.764741 0.210436 0.763532 0.209581 0.755670 0.209581 0.755367 0.209153 0.754460 0.209153 0.754158 0.208725 0.753553 0.208725 0.752344 0.207870 0.750832 0.206159 0.750832 0.201454 0.749622 0.200171 0.747203 0.200171 0.746900 0.200599
0 0.827941 0.208725 0.825824 0.207442 0.815543 0.208298 0.804354 0.207015 0.798004 0.209153 0.791654 0.208298 0.781373 0.208725 0.773208 0.207442 0.771394 0.207870 0.769277 0.210009 0.767161 0.210009 0.765951 0.214286 0.765951 0.220701 0.767161 0.224979 0.766253 0.229683 0.767161 0.236527 0.766556 0.241232 0.767161 0.249786 0.766253 0.254491 0.767463 0.257913 0.770487 0.257057 0.771696 0.258768 0.772301 0.266039 0.770184 0.268606 0.767765 0.269033 0.758089 0.268178 0.755670 0.272027 0.756275 0.278015 0.753855 0.281865 0.751436 0.280582 0.749924 0.278015 0.751436 0.273311 0.751436 0.272027 0.750227 0.270744 0.740853 0.269033 0.737829 0.271172 0.736619 0.275877 0.736015 0.284859 0.736619 0.288281 0.739341 0.292985 0.739643 0.295552 0.737829 0.303678 0.734200 0.307100 0.732991 0.311805 0.732386 0.318648 0.732991 0.337040 0.733595 0.337896 0.754763 0.337468 0.756577 0.338323 0.771092 0.337040 0.780163 0.337040 0.781978 0.337896 0.796190 0.337468 0.798609 0.338323 0.809495 0.337468 0.825219 0.338323 0.827034 0.337040 0.827336 0.334474 0.825824 0.327203 0.822195 0.324636 0.823102 0.322926 0.825824 0.321642 0.828546 0.313516 0.828243 0.306672 0.832174 0.299829 0.831872 0.294269 0.830662 0.289564 0.832779 0.282293 0.831569 0.270744 0.832477 0.263045 0.832477 0.256202 0.834593 0.248931 0.834291 0.246364 0.832779 0.242943 0.833384 0.236099 0.830662 0.231822 0.828848 0.225834 0.829150 0.216852
0 0.543090 0.282293 0.540671 0.318648 0.540974 0.334902 0.539462 0.341317 0.540671 0.394782 0.539462 0.399914 0.535531 0.405902 0.536740 0.411035 0.535531 0.421300 0.537043 0.423867 0.535531 0.430710 0.538252 0.434987 0.537345 0.465355 0.543695 0.475192 0.559722 0.473054 0.563653 0.476476 0.567584 0.470488 0.569701 0.470915 0.572725 0.477331 0.585122 0.473054 0.606290 0.474765 0.624131 0.470915 0.635017 0.470915 0.638948 0.473482 0.639250 0.484174 0.646205 0.494012 0.655277 0.494440 0.660115 0.497434 0.681282 0.498717 0.695797 0.496151 0.706683 0.496578 0.716057 0.492301 0.726338 0.493584 0.730269 0.488024 0.729362 0.472198 0.732688 0.469204 0.737224 0.471343 0.760508 0.471343 0.766253 0.469632 0.770487 0.471771 0.781978 0.470060 0.787118 0.471771 0.795888 0.470060 0.808588 0.471771 0.824614 0.470915 0.826126 0.468777 0.827336 0.461506 0.826731 0.401198 0.828546 0.393926 0.827336 0.354149 0.828546 0.345595 0.827034 0.341317 0.820986 0.340034 0.817659 0.342600 0.776837 0.344311 0.762625 0.344311 0.756577 0.341317 0.733898 0.344739 0.729664 0.340462 0.720290 0.339606 0.717569 0.341317 0.713033 0.340034 0.709404 0.343028 0.703357 0.340462 0.671908 0.341317 0.667977 0.344311 0.661022 0.342600 0.646507 0.343456 0.643786 0.339606 0.644088 0.301967 0.642274 0.281437 0.596311 0.279726
0 0.834896 0.483319 0.834593 0.502566 0.835198 0.504705 0.835198 0.507699 0.834593 0.509838 0.833988 0.517109 0.833988 0.532506 0.833384 0.537639 0.833384 0.544910 0.833686 0.546193 0.835500 0.547904 0.837920 0.548332 0.840036 0.547476 0.850922 0.547049 0.859087 0.547476 0.861506 0.548332 0.874811 0.547476 0.878137 0.548332 0.909283 0.547904 0.925612 0.548760 0.927729 0.548332 0.929241 0.547049 0.929543 0.545338 0.929241 0.544910 0.929543 0.481181 0.928334 0.477759 0.924403 0.477331 0.919565 0.478614 0.905957 0.478186 0.905655 0.478614 0.885092 0.479042 0.876021 0.478186 0.869368 0.478614 0.866949 0.477331 0.864832 0.477331 0.861808 0.479470 0.854249 0.479897 0.850015 0.478614 0.841246 0.478186 0.836408 0.480753