0 0.279105 0.240804 0.277895 0.242087 0.276081 0.246364 0.275174 0.252352 0.275476 0.279299 0.274871 0.284003 0.275174 0.313944 0.274871 0.314371 0.274871 0.332763 0.274569 0.333191 0.274569 0.341745 0.274267 0.342173 0.274569 0.342600 0.274569 0.360565 0.273662 0.366125 0.274871 0.370830 0.277895 0.372968 0.281524 0.373824 0.295132 0.372968 0.298155 0.370402 0.299667 0.360992 0.301179 0.356287 0.302691 0.353721 0.305715 0.350299 0.311763 0.345167 0.313880 0.345595 0.316299 0.348161 0.317206 0.347733 0.318415 0.345595 0.321137 0.337896 0.321137 0.333618 0.320835 0.333191 0.320835 0.328486 0.321439 0.325920 0.321137 0.306245 0.321742 0.298973 0.321439 0.298546 0.321137 0.284003 0.320532 0.280582 0.319323 0.278015 0.319323 0.276305 0.320230 0.273738 0.320532 0.270744 0.320532 0.264328 0.319927 0.260907 0.319927 0.255346 0.319625 0.254919 0.319625 0.250642 0.319927 0.250214 0.319625 0.247648 0.318113 0.244654 0.315392 0.242943 0.310553 0.242943 0.306925 0.242087 0.290596 0.242515
0 0.327487 0.243370 0.325673 0.245937 0.324766 0.248931 0.325068 0.254919 0.324161 0.259624 0.324766 0.267750 0.324766 0.277588 0.323254 0.282293 0.322649 0.307100 0.323858 0.322498 0.324161 0.337896 0.325673 0.344739 0.327487 0.349016 0.327790 0.361420 0.327185 0.366125 0.327790 0.369974 0.328394 0.367836 0.328092 0.349444 0.330209 0.345595 0.331418 0.344739 0.332930 0.344739 0.336861 0.347305 0.343211 0.355860 0.345026 0.359281 0.346538 0.368691 0.349259 0.372541 0.370124 0.372968 0.371938 0.372113 0.373753 0.369974 0.374357 0.364414 0.373148 0.359709 0.373753 0.344311 0.372845 0.333618 0.372543 0.319932 0.373148 0.311377 0.372543 0.281437 0.371938 0.279299 0.372241 0.253636 0.371334 0.246364 0.369822 0.242943 0.368007 0.242087 0.330511 0.242087
0 0.452676 0.245937 0.451164 0.245081 0.447838 0.245081 0.444512 0.247220 0.415482 0.247648 0.412156 0.246792 0.399153 0.247220 0.395827 0.245937 0.391896 0.245937 0.387965 0.247220 0.386151 0.250214 0.381917 0.248503 0.380103 0.249786 0.378591 0.252352 0.378591 0.260907 0.377381 0.264756 0.377986 0.274166 0.377381 0.283148 0.377684 0.295552 0.378591 0.307100 0.378288 0.314371 0.377381 0.317365 0.377381 0.337040 0.379498 0.341317 0.386755 0.346450 0.393408 0.356287 0.395222 0.361420 0.396129 0.368263 0.398549 0.372541 0.407620 0.372113 0.410342 0.372968 0.418809 0.373396 0.443907 0.372968 0.452071 0.373824 0.452979 0.373396 0.454188 0.371257 0.454793 0.367836 0.454793 0.341317 0.453886 0.325492 0.454490 0.322070 0.454490 0.266895 0.453886 0.260907 0.453886 0.249786 0.453583 0.247648
0 0.344421 0.451668 0.344119 0.451240 0.341397 0.451668 0.339885 0.449530 0.338373 0.446108 0.336861 0.444397 0.333535 0.442258 0.331721 0.441831 0.328697 0.443541 0.327487 0.443541 0.326580 0.442686 0.324161 0.441831 0.322044 0.443541 0.318718 0.447819 0.317508 0.448674 0.315089 0.449102 0.312368 0.450385 0.297551 0.451240 0.294224 0.452951 0.291200 0.457228 0.289084 0.457228 0.286362 0.455518 0.283036 0.455518 0.279105 0.453379 0.277593 0.454234 0.275174 0.457656 0.274871 0.458939 0.275174 0.466638 0.276081 0.469632 0.276081 0.476903 0.278198 0.482036 0.278198 0.482891 0.276383 0.487596 0.276081 0.492729 0.275779 0.493157 0.276081 0.517536 0.276686 0.519675 0.278803 0.522669 0.281826 0.524380 0.289386 0.524380 0.289689 0.523952 0.295736 0.523952 0.298760 0.524808 0.300575 0.524808 0.300877 0.524380 0.314787 0.524380 0.315089 0.524808 0.332930 0.524380 0.333233 0.524808 0.336861 0.525235 0.340490 0.523524 0.341699 0.521386 0.342909 0.514115 0.342909 0.505560 0.341397 0.499572 0.341397 0.496151 0.341095 0.495723 0.342304 0.487596 0.342002 0.482036 0.342607 0.479042 0.342607 0.473482 0.342304 0.473054 0.342607 0.464500 0.342304 0.464072 0.342002 0.458939 0.342909 0.455518 0.344421 0.453379
0 0.364076 0.418306 0.360448 0.418306 0.357424 0.420017 0.351981 0.427288 0.350166 0.431565 0.348352 0.434132 0.347747 0.435843 0.347747 0.442686 0.346840 0.445252 0.343816 0.450385 0.342909 0.452951 0.342909 0.467494 0.342607 0.467921 0.342607 0.482036 0.342909 0.482464 0.342607 0.497861 0.342909 0.498289 0.342909 0.501283 0.342607 0.501711 0.342607 0.505133 0.342304 0.505560 0.342304 0.509410 0.342607 0.509838 0.342607 0.511121 0.342304 0.511548 0.342304 0.514115 0.341699 0.516253 0.341699 0.518392 0.342002 0.519675 0.343211 0.521814 0.345630 0.523524 0.347445 0.523952 0.347747 0.524380 0.355307 0.523952 0.355609 0.524380 0.371031 0.524808 0.372543 0.523952 0.373148 0.522241 0.372845 0.517964 0.373148 0.517536 0.373450 0.510693 0.373148 0.510265 0.373148 0.497006 0.372845 0.496578 0.372845 0.493584 0.373148 0.493157 0.373148 0.466638 0.373450 0.466210 0.373148 0.458084 0.373450 0.457656 0.373450 0.450813 0.373148 0.450385 0.373148 0.449102 0.371938 0.447819 0.368007 0.446963 0.366193 0.444825 0.366193 0.443541 0.365891 0.443114 0.366193 0.420445 0.365286 0.418734 0.364379 0.418734
0 0.452374 0.447819 0.440883 0.447819 0.440581 0.447391 0.436650 0.447819 0.436347 0.448246 0.434835 0.448246 0.434533 0.447819 0.429090 0.447819 0.428787 0.448246 0.423344 0.447819 0.423042 0.448246 0.421228 0.448246 0.420925 0.448674 0.419111 0.448674 0.418809 0.449102 0.418506 0.448674 0.415785 0.448674 0.415482 0.448246 0.407923 0.448674 0.407620 0.449102 0.404596 0.448674 0.404294 0.448246 0.401875 0.448246 0.400665 0.449530 0.399758 0.452951 0.399758 0.472626 0.400363 0.475192 0.400363 0.480325 0.400060 0.480753 0.400060 0.488879 0.400363 0.489307 0.400363 0.520530 0.401270 0.523524 0.402782 0.525235 0.449047 0.525235 0.449350 0.525663 0.452071 0.525663 0.453583 0.524808 0.454490 0.523524 0.454793 0.522241 0.454490 0.452096 0.453583 0.449102
0 0.452979 0.526518 0.451769 0.525663 0.451467 0.526091 0.429392 0.526091 0.429090 0.526518 0.406713 0.526091 0.406411 0.526518 0.403689 0.526518 0.402782 0.527802 0.401572 0.533790 0.401875 0.543627 0.400060 0.552609 0.400060 0.559025 0.401875 0.562447 0.403387 0.569718 0.403387 0.571856 0.401875 0.580838 0.402177 0.601796 0.402480 0.602224 0.401875 0.613772 0.402782 0.621471 0.403084 0.633875 0.403689 0.636014 0.406713 0.640719 0.407923 0.640719 0.410644 0.639008 0.413668 0.638152 0.416389 0.638152 0.419413 0.639435 0.423647 0.639863 0.426973 0.637297 0.428485 0.637297 0.431509 0.639435 0.433323 0.639008 0.446326 0.639435 0.448745 0.638580 0.451164 0.638580 0.452071 0.638152 0.453281 0.636441 0.453886 0.634303 0.453886 0.629598 0.454188 0.629170 0.453886 0.628315 0.453886 0.613345 0.454188 0.612917 0.454188 0.577417 0.453886 0.576989 0.454188 0.542772 0.453886 0.539778 0.454188 0.539350 0.454188 0.532079 0.453886 0.529085
0 0.395827 0.552181 0.394617 0.550470 0.385546 0.551326 0.376777 0.547904 0.373148 0.544910 0.368007 0.543199 0.366495 0.541061 0.368310 0.538922 0.373148 0.536784 0.373753 0.534217 0.373148 0.532506 0.366495 0.531223 0.360145 0.531223 0.344723 0.528229 0.331721 0.529512 0.328697 0.531651 0.324463 0.531223 0.320532 0.532934 0.316601 0.532934 0.311461 0.530368 0.302086 0.531223 0.295434 0.529085 0.289991 0.529512 0.287572 0.530796 0.279105 0.530368 0.277593 0.531651 0.276081 0.535500 0.276081 0.548332 0.277291 0.552181 0.276383 0.559453 0.277593 0.573995 0.276686 0.587254 0.276988 0.594953 0.278198 0.599658 0.276988 0.605218 0.276988 0.617194 0.278198 0.623182 0.276988 0.628743 0.277593 0.632592 0.280012 0.638580 0.282129 0.640719 0.285455 0.640719 0.291200 0.636869 0.296039 0.636441 0.299667 0.634731 0.304808 0.634731 0.315392 0.636869 0.316601 0.636441 0.319323 0.632164 0.320230 0.632164 0.321137 0.634303 0.320532 0.640719 0.323254 0.642857 0.338676 0.642002 0.340792 0.641146 0.371334 0.641574 0.373450 0.642429 0.374660 0.640719 0.375567 0.636869 0.377381 0.634731 0.378288 0.634731 0.381615 0.640719 0.390686 0.644140 0.393710 0.642857 0.395222 0.639863 0.397037 0.630881 0.396432 0.609495 0.395222 0.604790 0.397944 0.594098 0.397944 0.587682 0.397339 0.585543 0.394920 0.582121 0.396734 0.576133 0.392501 0.570573 0.391594 0.565441 0.395222 0.562874 0.397037 0.559880
0 0.531297 0.204876 0.528273 0.210436 0.527064 0.213858 0.526761 0.218563 0.529181 0.225406 0.528878 0.237810 0.528273 0.242515 0.528878 0.246792 0.528878 0.255774 0.528273 0.258768 0.528878 0.282720 0.527971 0.286997 0.526761 0.289564 0.527669 0.297690 0.527669 0.308811 0.527064 0.313088 0.527971 0.317365 0.527971 0.331908 0.528576 0.334046 0.530088 0.335757 0.540369 0.336185 0.547626 0.335329 0.585122 0.335329 0.586634 0.334474 0.588146 0.331480 0.589961 0.320787 0.591473 0.316510 0.597823 0.307528 0.601754 0.304962 0.605383 0.304962 0.606290 0.304106 0.607499 0.300684 0.607802 0.220274 0.606290 0.210009 0.605080 0.208298 0.602661 0.209153 0.599335 0.209153 0.588449 0.205304 0.571817 0.206587 0.568491 0.207442 0.550045 0.207442 0.546417 0.206587 0.539462 0.206587 0.535531 0.204876
0 0.617478 0.201454 0.615059 0.204448 0.613547 0.207442 0.612337 0.211719 0.612035 0.215141 0.612337 0.238666 0.611430 0.245081 0.611430 0.254919 0.612035 0.258768 0.612035 0.301967 0.609616 0.331480 0.610221 0.333191 0.612942 0.334902 0.636831 0.334474 0.637738 0.334046 0.640762 0.328914 0.641669 0.323781 0.644088 0.318221 0.646507 0.315654 0.650438 0.314799 0.651648 0.318221 0.650438 0.324209 0.651043 0.329769 0.652555 0.332763 0.653765 0.333618 0.655579 0.333618 0.657393 0.331052 0.657998 0.326775 0.657998 0.310950 0.657393 0.306672 0.658301 0.300257 0.658301 0.240804 0.657696 0.234388 0.657998 0.215569 0.657393 0.210009 0.655579 0.202737 0.654672 0.201882 0.651950 0.204876 0.646810 0.205731 0.642576 0.204021 0.638343 0.204876 0.622619 0.204448 0.618688 0.201454
0 0.705171 0.198032 0.688237 0.201882 0.681282 0.201882 0.676746 0.201027 0.670699 0.201454 0.667675 0.200599 0.666767 0.201454 0.663139 0.211719 0.662534 0.219418 0.663139 0.222412 0.662836 0.231394 0.663744 0.235244 0.663744 0.279299 0.664651 0.284003 0.664348 0.302395 0.665558 0.305817 0.665558 0.307956 0.664046 0.312233 0.664046 0.313516 0.665256 0.318221 0.665256 0.320787 0.664651 0.322926 0.664953 0.329769 0.665558 0.331908 0.667070 0.334046 0.667977 0.334474 0.669489 0.333191 0.670396 0.330624 0.670699 0.327630 0.672210 0.324636 0.672210 0.323781 0.670094 0.320359 0.670094 0.317365 0.670699 0.315654 0.671908 0.314371 0.679468 0.314799 0.680677 0.316938 0.683701 0.325492 0.684306 0.331480 0.686120 0.334474 0.708195 0.336185 0.710009 0.334046 0.711219 0.325492 0.711219 0.311377 0.710614 0.308383 0.710916 0.287853 0.710311 0.263045 0.710916 0.253208 0.710311 0.243370 0.710614 0.219418 0.709404 0.208725 0.707288 0.203593 0.706380 0.199316
0 0.530088 0.409752 0.528878 0.412318 0.528878 0.423439 0.528576 0.423867 0.528576 0.426433 0.528878 0.426861 0.528878 0.430710 0.528576 0.431138 0.528576 0.441403 0.528878 0.441831 0.528576 0.443114 0.528576 0.479897 0.529181 0.483319 0.529785 0.484602 0.530692 0.485458 0.532507 0.485458 0.532809 0.485885 0.536135 0.485885 0.536438 0.485458 0.562746 0.485458 0.563048 0.485030 0.565467 0.485030 0.565770 0.485458 0.574236 0.485030 0.574539 0.485458 0.580889 0.485885 0.582099 0.485030 0.583308 0.482891 0.583308 0.480325 0.582703 0.477331 0.582703 0.464927 0.583308 0.461506 0.583308 0.457656 0.581796 0.453379 0.581796 0.446535 0.582099 0.446108 0.582401 0.442686 0.583611 0.440547 0.584518 0.437553 0.584518 0.433704 0.584820 0.433276 0.584820 0.420873 0.584518 0.420445 0.584820 0.418734 0.584820 0.411035 0.584215 0.409752 0.581796 0.408896 0.577865 0.408896 0.577563 0.408469 0.574841 0.408896 0.574539 0.409324 0.572422 0.409324 0.572120 0.409752 0.571515 0.409324 0.562443 0.409324 0.562141 0.408896 0.557605 0.408896 0.557303 0.409324 0.550045 0.408896 0.549743 0.409324 0.547021 0.409324 0.544602 0.408469 0.542183 0.408469 0.540671 0.409324 0.530692 0.409324
0 0.621409 0.381523 0.619595 0.382806 0.619595 0.384517 0.620200 0.385800 0.620200 0.387083 0.620502 0.387511 0.620200 0.394782 0.621107 0.398204 0.621107 0.400770 0.618083 0.406330 0.617478 0.406758 0.612942 0.406758 0.611128 0.408041 0.609918 0.410180 0.609918 0.417879 0.610221 0.418306 0.610221 0.439264 0.610523 0.439692 0.610523 0.445680 0.610826 0.446108 0.610523 0.482036 0.611430 0.484174 0.612640 0.485030 0.615361 0.485458 0.615664 0.485885 0.619292 0.485885 0.621107 0.485030 0.623223 0.485030 0.623526 0.485458 0.636529 0.485458 0.639250 0.484174 0.641064 0.482036 0.641367 0.469632 0.641064 0.469204 0.641064 0.465355 0.640762 0.464927 0.641064 0.464500 0.641064 0.455945 0.640762 0.455518 0.640762 0.437981 0.640460 0.437553 0.640460 0.435415 0.640762 0.434987 0.640762 0.414885 0.640157 0.412318 0.635924 0.405902 0.635319 0.403764 0.635017 0.399487 0.634109 0.395637 0.632295 0.392643 0.631086 0.389649 0.629876 0.387938 0.627759 0.386228 0.625643 0.382806
0 0.647717 0.381950 0.647112 0.383661 0.646205 0.405475 0.641669 0.412746 0.641669 0.419162 0.641064 0.422156 0.641367 0.442686 0.641064 0.443114 0.641064 0.467494 0.640157 0.479897 0.640460 0.482891 0.643484 0.484602 0.648322 0.485458 0.652555 0.485458 0.655277 0.484602 0.668279 0.485458 0.670699 0.484602 0.693075 0.485030 0.695797 0.484174 0.702147 0.484174 0.706683 0.482891 0.707892 0.482036 0.708799 0.479042 0.709404 0.470915 0.709404 0.452524 0.708195 0.441831 0.708497 0.433276 0.707892 0.430282 0.708497 0.424294 0.706683 0.416595 0.705473 0.413601 0.703961 0.413174 0.701240 0.416595 0.700030 0.416595 0.696099 0.414029 0.694285 0.414029 0.690656 0.412318 0.684911 0.411035 0.679165 0.411035 0.675839 0.408896 0.667675 0.409752 0.666163 0.406330 0.664953 0.398631 0.662534 0.394354 0.661325 0.388794 0.659510 0.386228 0.656184 0.384517 0.651950 0.381095 0.650136 0.380667
0 0.581191 0.487596 0.579679 0.487169 0.572725 0.488879 0.566072 0.488879 0.565770 0.489307 0.563350 0.488879 0.532507 0.489307 0.530692 0.490163 0.529785 0.491446 0.529181 0.493157 0.529181 0.502139 0.528576 0.505133 0.528576 0.532506 0.528878 0.532934 0.528576 0.567151 0.529483 0.578700 0.529181 0.594098 0.530390 0.597519 0.532809 0.600941 0.533112 0.605218 0.534321 0.606074 0.537043 0.605646 0.537950 0.604363 0.537950 0.601369 0.539462 0.599658 0.547626 0.599230 0.547929 0.598802 0.556396 0.598802 0.559419 0.599658 0.563048 0.598802 0.567886 0.598802 0.572120 0.599658 0.574539 0.600941 0.575748 0.602652 0.576656 0.602652 0.577865 0.600513 0.580889 0.598375 0.583611 0.594098 0.583308 0.587254 0.583913 0.584688 0.583611 0.576133 0.584215 0.572712 0.584215 0.556031 0.583913 0.555603 0.584215 0.533362 0.584518 0.532934 0.584215 0.518392 0.586634 0.513687 0.586937 0.511548 0.583308 0.505988 0.583913 0.500855 0.583611 0.493157 0.583006 0.490590
0 0.595706 0.471771 0.595706 0.476476 0.593892 0.485458 0.592682 0.487169 0.589054 0.487169 0.587239 0.491873 0.587239 0.505133 0.585425 0.511548 0.586634 0.517109 0.585122 0.527374 0.586030 0.566724 0.586634 0.571001 0.586332 0.591103 0.587239 0.595808 0.590868 0.600086 0.591473 0.605646 0.594194 0.605646 0.594799 0.600086 0.596916 0.597947 0.599940 0.597091 0.606592 0.599230 0.613245 0.596236 0.624433 0.597519 0.644088 0.597947 0.645903 0.597091 0.660115 0.597519 0.663139 0.596236 0.672210 0.596664 0.676142 0.595381 0.680375 0.595381 0.687632 0.597519 0.692773 0.597091 0.705473 0.598802 0.708497 0.596664 0.709404 0.593670 0.709707 0.491873 0.709404 0.488452 0.708195 0.486313 0.703961 0.485458 0.696099 0.486313 0.693680 0.487596 0.687632 0.487169 0.684306 0.488452 0.679770 0.488024 0.676444 0.489307 0.671001 0.488879 0.667977 0.490590 0.657091 0.489735 0.645600 0.491446 0.638040 0.490590 0.634714 0.493584 0.630783 0.492729 0.622316 0.493157 0.618385 0.491446 0.610221 0.490590 0.604475 0.488024 0.602056 0.483747 0.600242 0.476048 0.600242 0.472626 0.598125 0.470488 0.596613 0.470488
0 0.837315 0.398204 0.833988 0.400342 0.836105 0.405047 0.837617 0.412318 0.837617 0.433276 0.837012 0.440975 0.837012 0.521386 0.836105 0.570145 0.838524 0.578700 0.837012 0.588537 0.838222 0.590676 0.844572 0.595381 0.853341 0.595808 0.854853 0.599658 0.854853 0.607784 0.853946 0.610778 0.853946 0.617622 0.853341 0.620616 0.853341 0.624465 0.853946 0.626176 0.858784 0.628743 0.866042 0.628743 0.869066 0.625749 0.870275 0.622755 0.869368 0.615056 0.869973 0.597091 0.869973 0.505560 0.870578 0.502139 0.869973 0.494440 0.869973 0.482464 0.870578 0.478614 0.869973 0.472198 0.870275 0.423439 0.869670 0.418734 0.869670 0.411891 0.870578 0.408041 0.870275 0.402053 0.869368 0.399487 0.866042 0.397776 0.856063 0.397348
0 0.240399 0.500000 0.238282 0.501711 0.237678 0.505133 0.237980 0.520958 0.237073 0.529085 0.237073 0.555603 0.236770 0.556031 0.237073 0.572712 0.237375 0.573139 0.237375 0.578272 0.237073 0.578700 0.237073 0.597091 0.237375 0.597519 0.237073 0.632164 0.237375 0.632592 0.237375 0.636869 0.237073 0.637297 0.237073 0.640719 0.238585 0.642002 0.243725 0.643285 0.258542 0.643713 0.261264 0.644568 0.263985 0.644140 0.266405 0.642857 0.267917 0.640719 0.269428 0.627459 0.269428 0.539778 0.269126 0.539350 0.269428 0.526518 0.269126 0.526091 0.268824 0.505560 0.267312 0.502139 0.265800 0.500428 0.258845 0.500428 0.258542 0.500855 0.250680 0.500428 0.249773 0.500855 0.245842 0.499572