0 0.391594 0.358426 0.390989 0.358854 0.390082 0.360137 0.390082 0.366125 0.389779 0.366553 0.389779 0.368691 0.389477 0.369119 0.389477 0.371685 0.389174 0.372113 0.389174 0.373396 0.388872 0.373824 0.388872 0.374679 0.388570 0.375107 0.388570 0.376390 0.388267 0.376818 0.388267 0.380240 0.387965 0.380667 0.387965 0.385372 0.387663 0.385800 0.387663 0.393071 0.387965 0.393499 0.387663 0.393926 0.387663 0.398204 0.387360 0.398631 0.387360 0.408896 0.387058 0.409324 0.387058 0.412746 0.387360 0.413174 0.387360 0.416168 0.387663 0.416595 0.387663 0.420445 0.387360 0.420873 0.387360 0.421728 0.386755 0.422583 0.387360 0.423011 0.388267 0.423011 0.388570 0.423439 0.399153 0.423439 0.399456 0.423011 0.400060 0.423011 0.400665 0.422583 0.401270 0.421728 0.401572 0.421728 0.402782 0.420445 0.404294 0.420445 0.404596 0.420873 0.405503 0.420873 0.405806 0.421300 0.407015 0.421300 0.407318 0.421728 0.409435 0.421728 0.409737 0.421300 0.409737 0.410607 0.410342 0.408896 0.410342 0.407613 0.410644 0.407186 0.410644 0.405902 0.410946 0.405475 0.410946 0.402481 0.411249 0.402053 0.411249 0.396065 0.410946 0.395637 0.410946 0.394782 0.411249 0.394354 0.411249 0.387938 0.411551 0.387511 0.411551 0.380240 0.411249 0.379812 0.411249 0.375535 0.410946 0.375107 0.410946 0.373396 0.410644 0.372968 0.410644 0.371685 0.410342 0.371257 0.410644 0.370830 0.410644 0.367836 0.410946 0.367408 0.410946 0.364414 0.410644 0.363986 0.410342 0.361848 0.409435 0.360137 0.409435 0.359709 0.409132 0.359709 0.407923 0.358426 0.407015 0.358426 0.406713 0.357998 0.402177 0.357998 0.401875 0.357571 0.394315 0.357571 0.394013 0.357998 0.392501 0.357998 0.392198 0.358426
0 0.413063 0.358426 0.412156 0.359709 0.412156 0.360565 0.411854 0.360992 0.411854 0.362703 0.411551 0.363131 0.411551 0.366553 0.411854 0.366980 0.411854 0.368263 0.412458 0.369974 0.412458 0.373396 0.412156 0.373824 0.412156 0.375535 0.411854 0.375962 0.411854 0.378529 0.412156 0.378956 0.412156 0.385800 0.411854 0.386228 0.411854 0.407186 0.411551 0.407613 0.411551 0.412318 0.411249 0.412746 0.411249 0.417451 0.410946 0.417879 0.411249 0.418734 0.411249 0.421300 0.411551 0.422156 0.412156 0.422583 0.414273 0.422583 0.414575 0.423011 0.414878 0.422583 0.416087 0.422583 0.416389 0.422156 0.416994 0.422156 0.418204 0.421300 0.420623 0.421300 0.422135 0.422583 0.422740 0.422583 0.423042 0.423011 0.424554 0.423011 0.424856 0.423439 0.436347 0.423439 0.436952 0.423011 0.437557 0.421728 0.437557 0.415740 0.437254 0.415312 0.437254 0.410607 0.436952 0.410180 0.436952 0.375107 0.436650 0.374679 0.436650 0.363986 0.436347 0.363559 0.436347 0.360137 0.435742 0.358426 0.435440 0.357998 0.433928 0.357998 0.433626 0.357571 0.423949 0.357571 0.423647 0.357143 0.423042 0.357143 0.422740 0.357571 0.415180 0.357571 0.414878 0.357998 0.413970 0.357998 0.413668 0.358426
0 0.476262 0.359709 0.474146 0.358426 0.473239 0.358426 0.472936 0.357998 0.471727 0.357998 0.471424 0.357571 0.470517 0.357571 0.470215 0.357143 0.467796 0.356715 0.467493 0.357143 0.465679 0.357143 0.464469 0.357998 0.462353 0.357998 0.462050 0.358426 0.458422 0.358426 0.458119 0.358854 0.453886 0.358854 0.453583 0.358426 0.450862 0.358426 0.450559 0.358854 0.447233 0.358854 0.446931 0.359281 0.443604 0.359281 0.443302 0.359709 0.440883 0.359709 0.440278 0.360565 0.440278 0.362275 0.439976 0.362703 0.439976 0.369119 0.439673 0.369974 0.439976 0.370402 0.439976 0.373396 0.440278 0.373824 0.440278 0.375107 0.440581 0.375535 0.440581 0.378956 0.440278 0.379384 0.440278 0.381523 0.439976 0.381950 0.439976 0.383234 0.440278 0.383661 0.440581 0.385800 0.443000 0.389222 0.443000 0.390077 0.443302 0.390505 0.443302 0.393499 0.443000 0.394354 0.442093 0.395637 0.441790 0.395637 0.440581 0.397776 0.440581 0.398631 0.440278 0.399059 0.440278 0.400770 0.439976 0.401198 0.439976 0.402908 0.439673 0.403336 0.439673 0.406758 0.440883 0.408896 0.443604 0.410607 0.444814 0.411891 0.446024 0.415312 0.446326 0.417879 0.446628 0.418306 0.446931 0.420017 0.447536 0.420873 0.447536 0.421300 0.448745 0.422583 0.450257 0.422583 0.450559 0.423011 0.462050 0.423011 0.462353 0.422583 0.463865 0.422583 0.464167 0.422156 0.468400 0.422156 0.468703 0.422583 0.471122 0.422583 0.471424 0.423011 0.474146 0.423011 0.474448 0.422583 0.476262 0.422156 0.476867 0.421300 0.477170 0.419589 0.477472 0.419162 0.477472 0.417451 0.477774 0.417023 0.477774 0.410180 0.477472 0.409752 0.477472 0.408041 0.477170 0.407613 0.477472 0.399059 0.477170 0.398631 0.477170 0.396920 0.476867 0.396493 0.476867 0.384944 0.476565 0.384517 0.476565 0.381950 0.476867 0.381523 0.476867 0.378529 0.477170 0.378101 0.477170 0.369974 0.477472 0.369547 0.477472 0.367836 0.477774 0.367408 0.477774 0.363986 0.477472 0.363559 0.477170 0.361420
0 0.421833 0.460650 0.420623 0.460650 0.420321 0.460222 0.416994 0.460222 0.416692 0.459795 0.415482 0.459795 0.415180 0.460222 0.414575 0.460222 0.412761 0.461933 0.412761 0.462361 0.411854 0.464072 0.411854 0.464927 0.410342 0.467066 0.409435 0.467066 0.409132 0.467494 0.408527 0.467494 0.408225 0.467921 0.407620 0.467921 0.407318 0.468349 0.407015 0.468349 0.406713 0.467921 0.406108 0.467921 0.405503 0.467066 0.405201 0.467066 0.403387 0.464500 0.403387 0.464072 0.402782 0.464072 0.402480 0.463644 0.401270 0.463644 0.400968 0.464072 0.397037 0.464072 0.396734 0.463644 0.394013 0.463644 0.393106 0.464500 0.392501 0.464500 0.392198 0.464927 0.391896 0.464927 0.391291 0.465783 0.391291 0.467066 0.391594 0.467494 0.391594 0.468777 0.391896 0.469204 0.391896 0.470915 0.391594 0.471343 0.390989 0.473482 0.389779 0.475192 0.389477 0.475192 0.389174 0.475620 0.388570 0.475620 0.388267 0.476048 0.387663 0.476048 0.387360 0.476476 0.386453 0.476476 0.386151 0.476903 0.386151 0.479042 0.386755 0.480325 0.386755 0.481181 0.387663 0.482891 0.387663 0.483319 0.389174 0.485885 0.389174 0.486741 0.389477 0.487169 0.389477 0.487596 0.389174 0.488024 0.389174 0.488879 0.388267 0.490163 0.388267 0.490590 0.387360 0.491873 0.387360 0.492301 0.387058 0.492729 0.387058 0.494012 0.386755 0.494440 0.387058 0.494867 0.387058 0.495723 0.387663 0.496578 0.387663 0.497006 0.387965 0.497006 0.389174 0.498289 0.390082 0.498289 0.390384 0.498717 0.394920 0.498717 0.395222 0.499145 0.413668 0.499145 0.413970 0.498717 0.418506 0.498717 0.418809 0.498289 0.419413 0.498289 0.419716 0.497861 0.420018 0.497861 0.420321 0.497434 0.420321 0.497006 0.420623 0.496578 0.420623 0.495723 0.420925 0.495295 0.420925 0.492301 0.421228 0.491873 0.421228 0.479042 0.420925 0.478614 0.420925 0.474765 0.420623 0.474337 0.420623 0.470488 0.420925 0.470060 0.420925 0.467494 0.421228 0.467066 0.421228 0.465355 0.421530 0.464927 0.421530 0.461933 0.421833 0.461506
0 0.432114 0.446963 0.430602 0.446963 0.430299 0.447391 0.429997 0.447391 0.429695 0.447819 0.429090 0.447819 0.428787 0.448246 0.427880 0.448674 0.427275 0.449530 0.426973 0.449530 0.426368 0.450385 0.426368 0.450813 0.426066 0.451240 0.426066 0.451668 0.425461 0.452951 0.425461 0.454234 0.425159 0.454662 0.425159 0.455518 0.424856 0.455945 0.424554 0.457228 0.423647 0.458512 0.423344 0.458512 0.422740 0.459367 0.422437 0.459367 0.421530 0.460650 0.421530 0.461078 0.421228 0.461506 0.421228 0.467921 0.420925 0.468349 0.420925 0.485885 0.421228 0.486313 0.421228 0.490163 0.420925 0.490590 0.420925 0.495723 0.421228 0.496151 0.421228 0.497434 0.421530 0.497861 0.421530 0.498289 0.422437 0.499145 0.423344 0.499145 0.423647 0.499572 0.425461 0.499572 0.425764 0.499145 0.427880 0.499145 0.428183 0.499572 0.430299 0.499572 0.430602 0.500000 0.433021 0.500000 0.433323 0.499572 0.434533 0.499572 0.434835 0.499145 0.435440 0.499145 0.435742 0.498717 0.436045 0.498717 0.436347 0.498289 0.436347 0.497006 0.436650 0.496578 0.436650 0.491446 0.436952 0.491018 0.436952 0.486313 0.436650 0.485885 0.436650 0.470915 0.436952 0.470488 0.436952 0.463644 0.436650 0.463216 0.436650 0.461933 0.436347 0.461506 0.436347 0.461078 0.435742 0.460222 0.433928 0.459367 0.433323 0.458512 0.433323 0.458084 0.433021 0.457656 0.433021 0.449102 0.432718 0.448674 0.432718 0.447819
0 0.475053 0.502139 0.474448 0.502139 0.474146 0.501711 0.472936 0.501711 0.472634 0.501283 0.472331 0.501711 0.470215 0.501711 0.469912 0.502139 0.468703 0.502139 0.468400 0.502566 0.467493 0.502566 0.467191 0.502994 0.466586 0.502994 0.466284 0.503422 0.465679 0.503422 0.465376 0.503849 0.465074 0.503849 0.463865 0.505560 0.463865 0.505988 0.461143 0.509838 0.460841 0.509838 0.460538 0.510265 0.459631 0.510265 0.459329 0.510693 0.457212 0.510693 0.456910 0.511121 0.452676 0.511121 0.452374 0.511548 0.451467 0.511976 0.450559 0.513259 0.450559 0.514115 0.450257 0.514542 0.450257 0.516253 0.449955 0.516681 0.449955 0.521386 0.449652 0.521814 0.449652 0.535928 0.449955 0.536356 0.449955 0.544055 0.450257 0.544482 0.450257 0.553037 0.450559 0.553464 0.450862 0.554748 0.452071 0.556459 0.452676 0.556459 0.452979 0.556886 0.461445 0.556886 0.461748 0.556459 0.463865 0.556459 0.464167 0.556031 0.473541 0.556031 0.473843 0.555603 0.474448 0.555603 0.474751 0.555175 0.475355 0.555175 0.475658 0.554748 0.475960 0.554748 0.477170 0.553037 0.477170 0.546621 0.477472 0.546193 0.477472 0.544910 0.477774 0.544482 0.477774 0.543627 0.478077 0.543199 0.478077 0.542344 0.478379 0.541916 0.478379 0.538067 0.478077 0.537639 0.478077 0.523524 0.477774 0.523097 0.477774 0.513687 0.477472 0.513259 0.477472 0.506416 0.477170 0.505988 0.477170 0.505133 0.476867 0.504705 0.476867 0.504277
0 0.450862 0.460650 0.450257 0.461506 0.450257 0.461933 0.449652 0.463216 0.449652 0.477759 0.449955 0.478186 0.449955 0.479042 0.450257 0.479470 0.450257 0.485458 0.449955 0.485885 0.449955 0.487596 0.449652 0.488024 0.449652 0.490590 0.449955 0.491018 0.449955 0.497006 0.450257 0.497434 0.450257 0.499145 0.450559 0.499572 0.450559 0.500428 0.450862 0.500855 0.451164 0.502139 0.451769 0.502994 0.451769 0.503422 0.452374 0.503422 0.452676 0.503849 0.452979 0.503849 0.453886 0.502566 0.454188 0.502566 0.455700 0.501283 0.456910 0.501283 0.457212 0.500855 0.463562 0.500855 0.463865 0.500428 0.466888 0.500428 0.467191 0.500000 0.471122 0.500000 0.471424 0.500428 0.474448 0.500428 0.474751 0.500000 0.475658 0.500000 0.475960 0.499572 0.476262 0.499572 0.477472 0.497434 0.477472 0.496578 0.477774 0.496151 0.477774 0.494440 0.478077 0.494012 0.478077 0.480325 0.477774 0.479897 0.477774 0.470915 0.477472 0.470488 0.477472 0.468777 0.477170 0.468349 0.477170 0.467494 0.476867 0.467066 0.476867 0.465783 0.476565 0.465355 0.476565 0.464927 0.475960 0.464072 0.475960 0.463644 0.475355 0.462789 0.475053 0.462789 0.473541 0.461506 0.466888 0.461506 0.466586 0.461078 0.462050 0.461078 0.461748 0.460650 0.455398 0.460650 0.455095 0.460222 0.451467 0.460222 0.451164 0.460650
0 0.389779 0.501711 0.389477 0.504277 0.389174 0.504705 0.389174 0.509410 0.388872 0.509838 0.388570 0.519247 0.388267 0.519675 0.388570 0.536784 0.388267 0.537211 0.388267 0.539350 0.387965 0.539778 0.387965 0.544482 0.387663 0.544910 0.387663 0.553464 0.389174 0.556031 0.389779 0.556459 0.401875 0.556031 0.402177 0.556459 0.402480 0.556031 0.404899 0.556031 0.405201 0.555603 0.407620 0.555603 0.407923 0.555175 0.411854 0.555175 0.412156 0.555603 0.413668 0.555603 0.413970 0.556031 0.418809 0.556031 0.419111 0.556459 0.431509 0.556459 0.431811 0.556031 0.439371 0.556031 0.439673 0.556459 0.441185 0.556459 0.441488 0.556031 0.447838 0.556031 0.448745 0.555175 0.449652 0.552609 0.449652 0.544055 0.449350 0.543627 0.449350 0.527802 0.449652 0.527374 0.449652 0.523952 0.449955 0.523524 0.449652 0.523097 0.449652 0.520103 0.449350 0.519675 0.449047 0.515826 0.448140 0.511976 0.444209 0.505560 0.439976 0.502139 0.438766 0.502139 0.438464 0.501711 0.424554 0.501711 0.424252 0.501283 0.422740 0.501283 0.422437 0.501711 0.420925 0.501711 0.418809 0.502994 0.417599 0.502994 0.416087 0.503849 0.415482 0.503849 0.411854 0.501283 0.410039 0.501283 0.409737 0.500855 0.404596 0.500855 0.404294 0.500428 0.395222 0.500855 0.394920 0.500428 0.393408 0.500428 0.393106 0.500855 0.390686 0.500855
0 0.515573 0.483747 0.514968 0.484602 0.514968 0.485885 0.514666 0.486313 0.514666 0.489735 0.514363 0.490163 0.514363 0.503849 0.514061 0.504277 0.514061 0.506843 0.514363 0.507271 0.514363 0.530368 0.514666 0.530796 0.514666 0.532934 0.514968 0.533362 0.514968 0.534645 0.515271 0.535073 0.515271 0.535500 0.516480 0.536784 0.517387 0.536784 0.517690 0.537211 0.524040 0.537211 0.524342 0.536784 0.537647 0.536784 0.537950 0.537211 0.539159 0.537211 0.539462 0.536784 0.539764 0.536784 0.540671 0.535073 0.540671 0.534217 0.540974 0.533790 0.540974 0.532079 0.541276 0.531651 0.541276 0.529940 0.541578 0.529512 0.541578 0.511548 0.541881 0.511121 0.541881 0.507271 0.542183 0.506843 0.542183 0.502566 0.542486 0.502139 0.542486 0.496578 0.542788 0.496151 0.542788 0.494440 0.542486 0.494012 0.542486 0.493157 0.540671 0.488452 0.540671 0.487596 0.540369 0.487169 0.540369 0.486313 0.540067 0.485885 0.539764 0.484602 0.539462 0.484174 0.537647 0.484174 0.535531 0.485885 0.534624 0.485885 0.532507 0.484174 0.531600 0.484174 0.530088 0.482891 0.529483 0.482891 0.529181 0.482464 0.528273 0.482464 0.527971 0.482036 0.524040 0.482036 0.523737 0.482464 0.518899 0.482464 0.518597 0.482891 0.516783 0.482891 0.516480 0.483319
0 0.515573 0.441831 0.514968 0.442686 0.514968 0.443114 0.514666 0.443541 0.514666 0.446963 0.514363 0.447391 0.514363 0.450813 0.514061 0.451240 0.514061 0.459795 0.514363 0.460222 0.514363 0.471343 0.514061 0.471771 0.514061 0.473054 0.514363 0.473482 0.514363 0.476903 0.514968 0.477759 0.515573 0.477759 0.515875 0.478186 0.517690 0.478186 0.517992 0.478614 0.524645 0.478614 0.524947 0.479042 0.535228 0.479042 0.535531 0.478614 0.539159 0.478614 0.539462 0.478186 0.540369 0.478186 0.541578 0.476476 0.541578 0.475620 0.541881 0.475192 0.541881 0.468349 0.541578 0.467921 0.541578 0.458084 0.541881 0.457656 0.541881 0.445680 0.541578 0.445252 0.541578 0.443969 0.541276 0.443541 0.541276 0.443114 0.540671 0.442258 0.540369 0.442258 0.540067 0.441831 0.532809 0.441831 0.532507 0.441403 0.520109 0.441403 0.519806 0.441831
0 0.515573 0.339179 0.514061 0.341317 0.514061 0.342173 0.513759 0.342600 0.513759 0.345595 0.514061 0.346022 0.514061 0.350727 0.513759 0.351155 0.513759 0.357571 0.513456 0.357998 0.513759 0.363986 0.514061 0.364414 0.514061 0.367836 0.513759 0.368263 0.513759 0.373824 0.514061 0.374252 0.514061 0.378101 0.514363 0.378529 0.514363 0.388366 0.514061 0.388794 0.514061 0.396493 0.514363 0.396920 0.514363 0.399487 0.514666 0.399914 0.514968 0.401625 0.516178 0.402908 0.517387 0.402908 0.517690 0.403336 0.533112 0.403336 0.533414 0.403764 0.535531 0.403764 0.535833 0.403336 0.537043 0.403336 0.537345 0.402908 0.537950 0.402908 0.538252 0.402481 0.539462 0.402481 0.539764 0.402053 0.540067 0.402481 0.543090 0.402481 0.543393 0.402053 0.543998 0.402053 0.544905 0.400770 0.545207 0.400770 0.545207 0.400342 0.546114 0.399059 0.547626 0.394782 0.550952 0.390077 0.552162 0.387083 0.552162 0.385800 0.552464 0.385372 0.552464 0.383661 0.552767 0.383234 0.552767 0.375535 0.552464 0.375107 0.552162 0.372541 0.551860 0.372113 0.551860 0.368691 0.552162 0.368263 0.552464 0.361420 0.552767 0.360992 0.552767 0.355860 0.553069 0.355432 0.553069 0.352010 0.552767 0.351583 0.552767 0.346022 0.553069 0.345595 0.553069 0.341745 0.552767 0.341317 0.552767 0.340462 0.552162 0.339606 0.551557 0.339606 0.551255 0.339179 0.546719 0.339179 0.546417 0.339606 0.545207 0.339606 0.544905 0.340034 0.543695 0.340034 0.543393 0.340462 0.541578 0.340462 0.541276 0.340890 0.538252 0.340890 0.537950 0.340462 0.536740 0.340462 0.536438 0.340034 0.530088 0.340034 0.529785 0.339606 0.527971 0.339606 0.527669 0.339179 0.522528 0.339606 0.519806 0.337896 0.517387 0.337896
0 0.581191 0.336612 0.579679 0.336612 0.577865 0.337896 0.576353 0.337896 0.576051 0.338323 0.573027 0.338323 0.572725 0.338751 0.571817 0.338751 0.571515 0.338323 0.568793 0.338323 0.568491 0.337896 0.562141 0.337896 0.561839 0.337468 0.560327 0.337468 0.560024 0.337040 0.557605 0.337040 0.557303 0.337468 0.556396 0.337468 0.555791 0.338323 0.555488 0.340034 0.555186 0.340462 0.555186 0.347305 0.555488 0.347733 0.555488 0.350299 0.555186 0.350727 0.555186 0.374679 0.555488 0.375107 0.555488 0.395210 0.555186 0.395637 0.555186 0.398631 0.554884 0.399059 0.554884 0.401198 0.555791 0.403764 0.556396 0.404192 0.558512 0.404192 0.558815 0.404619 0.561536 0.404619 0.561839 0.404192 0.569096 0.404192 0.569398 0.403764 0.579075 0.403764 0.579377 0.404192 0.580284 0.404192 0.582099 0.402908 0.582703 0.401198 0.582703 0.399487 0.582401 0.399059 0.582401 0.397776 0.581796 0.396065 0.581796 0.374679 0.581494 0.374252 0.581494 0.367408 0.581796 0.366980 0.581796 0.352438 0.582401 0.350727 0.582401 0.348589 0.582703 0.348161 0.582703 0.344739 0.583006 0.344311 0.583006 0.341317 0.582703 0.340890 0.582703 0.340034 0.582401 0.339606 0.582099 0.337896
0 0.601754 0.337896 0.599032 0.337896 0.598730 0.338323 0.592380 0.338323 0.592077 0.338751 0.589961 0.338751 0.589658 0.339179 0.587844 0.339179 0.587542 0.338751 0.584820 0.338751 0.584215 0.339179 0.583308 0.340462 0.582703 0.342173 0.582703 0.346450 0.582401 0.346878 0.582401 0.350727 0.582703 0.351155 0.582703 0.352438 0.582401 0.352866 0.582401 0.354149 0.582099 0.354577 0.582099 0.355432 0.581494 0.357143 0.581494 0.401198 0.581796 0.401625 0.581796 0.402481 0.583006 0.404192 0.583611 0.404619 0.584820 0.404619 0.585122 0.405047 0.585425 0.404619 0.587239 0.404619 0.587542 0.404192 0.592985 0.404192 0.593287 0.404619 0.598428 0.404619 0.598730 0.405047 0.602661 0.405047 0.602963 0.404619 0.603871 0.404619 0.604475 0.404192 0.605080 0.403336 0.605685 0.401625 0.605685 0.399914 0.605987 0.399487 0.605987 0.386655 0.605685 0.386228 0.605685 0.365269 0.605383 0.364842 0.605383 0.358426 0.605080 0.357998 0.605080 0.356287 0.604778 0.355860 0.604778 0.354577 0.604475 0.354149 0.604475 0.352866 0.604173 0.352438 0.604173 0.345167 0.603871 0.344739 0.603871 0.341317 0.603568 0.340890 0.603568 0.340034 0.602359 0.338323
0 0.570305 0.443114 0.570305 0.455090 0.570003 0.455518 0.570003 0.458512 0.569701 0.458939 0.569701 0.467494 0.570003 0.467921 0.570003 0.472626 0.569701 0.473054 0.569701 0.474337 0.569398 0.474765 0.569398 0.476476 0.570003 0.477331 0.570608 0.477331 0.571515 0.478186 0.572422 0.478186 0.572725 0.478614 0.577563 0.478614 0.577865 0.479042 0.599335 0.479042 0.599637 0.479470 0.601451 0.479470 0.601754 0.479042 0.602359 0.479042 0.602661 0.478614 0.602963 0.478614 0.603568 0.477759 0.603568 0.477331 0.603871 0.476903 0.603871 0.473482 0.603568 0.473054 0.603568 0.470488 0.603871 0.470060 0.603871 0.469204 0.604173 0.468777 0.604173 0.467921 0.604475 0.467494 0.604475 0.466638 0.604778 0.466210 0.604778 0.464500 0.605080 0.464072 0.605080 0.460650 0.604778 0.460222 0.604778 0.457228 0.604475 0.456801 0.604475 0.455090 0.604173 0.454662 0.604173 0.451240 0.604475 0.450813 0.604475 0.445252 0.604173 0.444825 0.604173 0.443541 0.603871 0.443114 0.603568 0.441831 0.603266 0.441831 0.602661 0.440975 0.602056 0.440975 0.601754 0.440547 0.599637 0.440547 0.599335 0.440975 0.591775 0.440975 0.591473 0.441403 0.583006 0.441403 0.582703 0.441831 0.581494 0.441831 0.581191 0.442258 0.580889 0.442258 0.580587 0.441831 0.579679 0.441831 0.579377 0.441403 0.578470 0.441403 0.578167 0.440975 0.577260 0.440975 0.576958 0.440547 0.575748 0.440547 0.575446 0.440975 0.573632 0.440975 0.573329 0.441403 0.572120 0.441403 0.571817 0.441831 0.571213 0.441831
0 0.556396 0.440547 0.555488 0.441831 0.555488 0.446108 0.555791 0.446535 0.555791 0.466210 0.555488 0.466638 0.555488 0.476903 0.555791 0.477331 0.555791 0.478186 0.556698 0.479470 0.561839 0.479470 0.562141 0.479042 0.564560 0.479042 0.564862 0.478614 0.569096 0.478614 0.569398 0.478186 0.569701 0.478186 0.570608 0.477331 0.570608 0.476903 0.570910 0.476476 0.570910 0.473482 0.571213 0.473054 0.571213 0.467494 0.570910 0.467066 0.570910 0.443969 0.571213 0.443541 0.571213 0.443114 0.570910 0.442686 0.570910 0.441831 0.570608 0.441403 0.570305 0.441403 0.569701 0.440547 0.569096 0.440547 0.568793 0.440120 0.567886 0.440120 0.567584 0.439692 0.560024 0.439692 0.559722 0.440120 0.557907 0.440120 0.557605 0.440547
0 0.602661 0.481181 0.601754 0.479897 0.600847 0.479470 0.600544 0.479897 0.599637 0.479897 0.597823 0.481608 0.596916 0.481608 0.596613 0.482036 0.596311 0.481608 0.593287 0.481608 0.592985 0.481181 0.585122 0.481181 0.584820 0.481608 0.582401 0.481608 0.582099 0.482036 0.561839 0.482036 0.561536 0.482464 0.555791 0.482464 0.549138 0.489307 0.547021 0.490590 0.545510 0.492729 0.544905 0.494440 0.544602 0.498289 0.544300 0.498717 0.543998 0.526091 0.544300 0.526518 0.544300 0.530796 0.544905 0.532934 0.544905 0.534645 0.545510 0.536356 0.547021 0.538067 0.550045 0.538067 0.550348 0.537639 0.557605 0.538067 0.557907 0.537639 0.560629 0.537639 0.560931 0.537211 0.562443 0.537211 0.562746 0.536784 0.567282 0.536784 0.567584 0.537211 0.577260 0.537211 0.577563 0.537639 0.579377 0.537639 0.579679 0.538067 0.581796 0.538067 0.583611 0.537211 0.589658 0.537211 0.589961 0.537639 0.591775 0.537639 0.592077 0.538067 0.594194 0.538067 0.594496 0.537639 0.597823 0.537211 0.599335 0.538067 0.601754 0.538067 0.603568 0.535073 0.603871 0.527374 0.604173 0.526946 0.604173 0.514115 0.603871 0.513687 0.603871 0.503422 0.603568 0.502994 0.603871 0.491873 0.603568 0.491446 0.603568 0.488024 0.603266 0.487596 0.603266 0.483747