0 0.488513 0.512404 0.482164 0.510265 0.464329 0.509410 0.460097 0.510693 0.447098 0.509838 0.416566 0.511548 0.414148 0.513259 0.414450 0.601369 0.413543 0.638152 0.414148 0.770744 0.413543 0.778015 0.415054 0.782720 0.418077 0.783576 0.477932 0.784003 0.490024 0.783576 0.491536 0.781437 0.492140 0.769889 0.491838 0.546193 0.490931 0.517109 0.490326 0.514542
0 0.406610 0.643055 0.274854 0.645476 0.274284 0.515547 0.404899 0.510705
0 0.318017 0.698460 0.318319 0.700171 0.321040 0.704448 0.321947 0.709581 0.321645 0.727973 0.321040 0.732250 0.321040 0.745081 0.320738 0.748075 0.319831 0.750642 0.320133 0.758340 0.318924 0.764756 0.320435 0.780582 0.321645 0.782293 0.324667 0.783576 0.329202 0.784003 0.372733 0.784003 0.377267 0.783148 0.388150 0.784003 0.409311 0.783576 0.411427 0.783148 0.412938 0.781437 0.413543 0.777588 0.412938 0.738666 0.413241 0.716424 0.412636 0.712147 0.412636 0.698460 0.411427 0.693755 0.410218 0.691617 0.405683 0.691189 0.397219 0.693755 0.390871 0.693755 0.385732 0.691617 0.380592 0.693755 0.373337 0.693755 0.370919 0.692044 0.356711 0.693328 0.352781 0.690761 0.348851 0.690334 0.346433 0.691189 0.341294 0.691189 0.337969 0.694611 0.335852 0.695466 0.326481 0.695038 0.320435 0.696322
0 0.315901 0.696749 0.312878 0.695038 0.306832 0.693755 0.303809 0.690761 0.302600 0.690761 0.301693 0.691617 0.298670 0.692472 0.295647 0.694183 0.292322 0.694183 0.292019 0.693755 0.290508 0.694183 0.285067 0.699743 0.285369 0.707015 0.284764 0.710009 0.283555 0.712147 0.282346 0.712147 0.281439 0.710009 0.281439 0.704021 0.282044 0.699316 0.281439 0.697605 0.279625 0.695466 0.278114 0.694611 0.277509 0.695038 0.274486 0.695038 0.273579 0.695466 0.272672 0.696749 0.271765 0.700171 0.271765 0.705731 0.272068 0.706159 0.271765 0.722840 0.272068 0.723268 0.272370 0.728828 0.271765 0.732250 0.271765 0.739093 0.271463 0.739521 0.271463 0.747220 0.271765 0.747648 0.271765 0.768606 0.271463 0.770744 0.271765 0.771172 0.271765 0.781009 0.272672 0.782293 0.274184 0.783148 0.278416 0.783148 0.283253 0.781009 0.286578 0.783148 0.289903 0.783148 0.290206 0.782720 0.296554 0.783148 0.296856 0.782720 0.298972 0.782720 0.301693 0.781865 0.304111 0.781865 0.307134 0.783148 0.314087 0.783148 0.314389 0.782720 0.316203 0.782720 0.317715 0.781009 0.317412 0.757485 0.318017 0.753208 0.317715 0.725406 0.318017 0.724979 0.318017 0.721129 0.318319 0.720701 0.318319 0.704448 0.317412 0.700171
0 0.265719 0.695466 0.257557 0.695466 0.254534 0.697177 0.252116 0.697177 0.251814 0.696749 0.250605 0.696749 0.250302 0.696322 0.244861 0.695894 0.244559 0.695466 0.242443 0.695466 0.242140 0.695038 0.241233 0.695038 0.237606 0.697177 0.235792 0.699316 0.233071 0.701026 0.228537 0.706159 0.225212 0.706159 0.224909 0.706587 0.224305 0.706587 0.222793 0.708725 0.222793 0.709581 0.222491 0.710009 0.222491 0.721129 0.222189 0.721557 0.222793 0.729684 0.222491 0.730111 0.222491 0.732678 0.222189 0.733105 0.222189 0.741660 0.221886 0.742087 0.221886 0.748931 0.222189 0.749358 0.222491 0.753208 0.222189 0.753636 0.222189 0.757057 0.221886 0.757485 0.221886 0.758768 0.222189 0.759196 0.222189 0.761762 0.222491 0.762190 0.222491 0.763045 0.223398 0.764328 0.224909 0.765184 0.233374 0.765184 0.233676 0.764756 0.236699 0.764756 0.237001 0.765184 0.240326 0.765184 0.240629 0.765612 0.245163 0.765612 0.245466 0.765184 0.247884 0.765184 0.248186 0.764756 0.249395 0.764756 0.249698 0.764328 0.251209 0.764328 0.251511 0.763901 0.253930 0.763473 0.254232 0.763045 0.254534 0.763473 0.255744 0.763473 0.256046 0.763901 0.258767 0.763901 0.259371 0.763473 0.258767 0.761334 0.257860 0.760479 0.256348 0.760479 0.256046 0.760907 0.255139 0.760907 0.254232 0.761762 0.253628 0.760479 0.253628 0.758768 0.254534 0.757057 0.255139 0.757057 0.256651 0.755346 0.257860 0.751925 0.260278 0.749786 0.261487 0.746792 0.265115 0.742087 0.266929 0.737382 0.267231 0.733961 0.267533 0.733533 0.267533 0.730967 0.267836 0.730539 0.267836 0.727545 0.267533 0.727117 0.267533 0.725406 0.267231 0.724979 0.267231 0.723268 0.266929 0.722840 0.266929 0.703165 0.267231 0.702737 0.267231 0.699743 0.266929 0.699316 0.266929 0.697605
0 0.120012 0.764328 0.121524 0.766467 0.164752 0.766467 0.170193 0.765184 0.204655 0.765612 0.215840 0.764328 0.216445 0.762190 0.215538 0.757913 0.215538 0.749358 0.213120 0.739949 0.213120 0.735672 0.209190 0.730967 0.209190 0.727545 0.211306 0.721129 0.211306 0.717280 0.214631 0.713858 0.215840 0.709581 0.219468 0.704448 0.228537 0.704021 0.232467 0.700599 0.237606 0.693328 0.237304 0.689050 0.234281 0.683490 0.233676 0.680068 0.234281 0.677074 0.238513 0.672370 0.240931 0.668092 0.245466 0.668520 0.248791 0.673225 0.254837 0.670659 0.256348 0.671514 0.259069 0.675791 0.266022 0.678358 0.266929 0.676647 0.266022 0.665526 0.267231 0.659110 0.267231 0.651839 0.265719 0.646707 0.263603 0.644996 0.258767 0.644996 0.253325 0.646707 0.249698 0.646279 0.245768 0.643713 0.221584 0.645423 0.214631 0.644568 0.208283 0.646279 0.198005 0.647134 0.176542 0.644140 0.169891 0.644996 0.151753 0.644568 0.142987 0.646279 0.137545 0.646279 0.133313 0.644568 0.128779 0.646279 0.123640 0.644568 0.121826 0.642857 0.120617 0.649273 0.120617 0.653978 0.121826 0.657399 0.120919 0.665098 0.123640 0.670659 0.121524 0.675791 0.122128 0.682207 0.116687 0.692900 0.115780 0.696749 0.116385 0.700599 0.118501 0.701882 0.120314 0.704876 0.118803 0.710009 0.119710 0.717707 0.119407 0.749358
0 0.266626 0.515826 0.261790 0.514542 0.258767 0.510693 0.256348 0.505988 0.254232 0.504277 0.243954 0.505560 0.240931 0.508982 0.237001 0.509838 0.233676 0.514115 0.232467 0.514115 0.228537 0.511121 0.216445 0.510693 0.214329 0.509410 0.211911 0.505133 0.207981 0.505988 0.204353 0.508554 0.201028 0.517109 0.200121 0.518392 0.198609 0.518392 0.194982 0.515826 0.193773 0.513687 0.194075 0.509838 0.196191 0.506416 0.192261 0.505560 0.191052 0.506843 0.189843 0.510265 0.184704 0.517964 0.184704 0.558597 0.185308 0.568862 0.184099 0.577417 0.185006 0.594525 0.183797 0.598802 0.183797 0.638152 0.184099 0.640291 0.185308 0.642429 0.194377 0.645851 0.207981 0.645851 0.212515 0.643713 0.217352 0.644140 0.219770 0.645423 0.229444 0.644568 0.231862 0.645851 0.236397 0.645851 0.240931 0.643713 0.244559 0.645423 0.246977 0.645423 0.253325 0.643285 0.257860 0.643285 0.261790 0.645423 0.266022 0.646279 0.266929 0.642002 0.266626 0.624465 0.267836 0.617194 0.267231 0.609068 0.266022 0.604790 0.266022 0.600513 0.266626 0.598802 0.266022 0.586826 0.266929 0.582549 0.266929 0.569718 0.266324 0.565013 0.266324 0.556886 0.266929 0.552609 0.266626 0.536784 0.267836 0.528657 0.267836 0.517536
0 0.175609 0.639827 0.121994 0.640634 0.122565 0.515547 0.177320 0.513933
0 0.696359 0.446951 0.651300 0.443723 0.649018 0.305724 0.689515 0.303303
0 0.741419 0.329934 0.699211 0.331549 0.698070 0.294426 0.646737 0.294426 0.650159 0.189515 0.741419 0.193550
0 0.811004 0.332355 0.749974 0.329127 0.747693 0.192743 0.807582 0.191936
0 0.859486 0.445337 0.751685 0.450179 0.751115 0.386425 0.858345 0.388039
0 0.860627 0.375127 0.816708 0.372706 0.813856 0.186286 0.858345 0.191129