0 0.246977 0.314237 0.291415 0.172723
4 0.081167 0.190466 0.069831 0.015819
4 0.063785 0.206071 0.026602 0.014536
0 0.271463 0.674861 0.199516 0.183412
4 0.082376 0.526293 0.072854 0.020522
4 0.064087 0.541898 0.027207 0.013254
0 0.766929 0.314451 0.212213 0.174861
4 0.547158 0.190252 0.070133 0.019667
4 0.529776 0.206285 0.026904 0.012398
0 0.728083 0.678068 0.292322 0.164173
4 0.545042 0.542967 0.065296 0.018811
4 0.530381 0.558786 0.027509 0.012826
4 0.821342 0.941214 0.024788 0.009833
4 0.821040 0.952116 0.021765 0.009406
