0 0.233222 0.261650 0.111548 0.112869
4 0.131953 0.056007 0.118803 0.030782
4 0.098549 0.081873 0.044135 0.020094
4 0.127872 0.396109 0.108827 0.028645
4 0.098398 0.421975 0.042019 0.018811
0 0.238664 0.571184 0.112152 0.120564
4 0.574063 0.057503 0.113059 0.032065
4 0.543077 0.082941 0.043229 0.019667
0 0.635127 0.264643 0.178960 0.118854
0 0.696947 0.570757 0.181076 0.119709
4 0.590538 0.395682 0.121826 0.029500
4 0.555472 0.421761 0.043229 0.020949
4 0.728537 0.880077 0.032044 0.013254
4 0.725665 0.897392 0.022068 0.011116
