4 0.075877 0.386276 0.034462 0.015819
4 0.079051 0.401240 0.033555 0.015819
0 0.710097 0.249252 0.460701 0.212056
4 0.484734 0.386062 0.037183 0.016246
4 0.485036 0.401454 0.032346 0.014536
0 0.265568 0.608593 0.304414 0.212484
4 0.082074 0.733647 0.046856 0.016246
4 0.079202 0.748397 0.033857 0.015819
0 0.708585 0.607311 0.458888 0.209919
4 0.495163 0.733006 0.040508 0.014109
4 0.494861 0.748397 0.032648 0.015819
4 0.881348 0.845233 0.028718 0.011971
4 0.890417 0.864900 0.034764 0.019667
0 0.213271 0.247969 0.306227 0.209491
