0 0.309250 0.204361 0.195889 0.110304
4 0.155079 0.306114 0.026602 0.017101
4 0.162636 0.322788 0.032648 0.017101
0 0.702237 0.206712 0.203144 0.115006
4 0.554716 0.299487 0.023579 0.014964
4 0.563180 0.315306 0.032044 0.014964
0 0.697098 0.554510 0.230351 0.117999
4 0.551995 0.645147 0.017533 0.015391
4 0.562727 0.660966 0.032346 0.015391
4 0.151904 0.641300 0.019045 0.013681
4 0.162787 0.655836 0.032346 0.016246
0 0.306832 0.550235 0.195889 0.109448
3 0.306530 0.827704 0.197098 0.112869
4 0.162636 0.932450 0.033253 0.016246
4 0.881651 0.845233 0.028114 0.011971
4 0.891173 0.866823 0.032044 0.015819
