0 0.146744 0.347273 0.141817 0.174545
0 0.352828 0.343636 0.156384 0.174545
0 0.531063 0.341515 0.139246 0.167879
0 0.733505 0.344242 0.169666 0.190303
3 0.724936 0.570909 0.131105 0.191515
1 0.537489 0.573030 0.158098 0.200606
1 0.352399 0.572727 0.110968 0.180606
1 0.146958 0.579697 0.128535 0.209091
4 0.126178 0.441515 0.065553 0.013939
4 0.319837 0.440909 0.070694 0.017576
4 0.509426 0.437879 0.071123 0.015152
4 0.135390 0.703030 0.083976 0.016970
4 0.337618 0.683333 0.090831 0.023636
4 0.508569 0.683939 0.069409 0.018788
4 0.686375 0.682727 0.031705 0.016364
4 0.699871 0.450606 0.068980 0.015152
