0 0.815352 0.238350 0.170444 0.132963
4 0.814294 0.308251 0.077063 0.011116
4 0.744485 0.634459 0.077063 0.011971
0 0.750680 0.563061 0.205500 0.132535
0 0.336053 0.563275 0.171049 0.131253
4 0.338622 0.634032 0.082502 0.012826
0 0.229677 0.826849 0.206105 0.130825
4 0.227410 0.896965 0.083107 0.011971
3 0.519039 0.241342 0.188274 0.152629
4 0.517377 0.308893 0.042913 0.012398
1 0.191599 0.222317 0.187972 0.240274
4 0.114083 0.374733 0.025083 0.013254
4 0.559837 0.928816 0.016017 0.011543
4 0.615896 0.929029 0.031429 0.016246
