3 0.637957 0.249679 0.200665 0.135100
1 0.302962 0.248183 0.234814 0.237281
0 0.218042 0.570329 0.231792 0.117999
0 0.540798 0.569474 0.184648 0.115434
0 0.813539 0.574391 0.179510 0.117572
0 0.229979 0.824925 0.232094 0.088499
4 0.201874 0.392903 0.029012 0.017101
4 0.638259 0.308465 0.045935 0.019239
4 0.805681 0.632322 0.085222 0.014536
4 0.531278 0.630184 0.095497 0.013681
4 0.211544 0.631039 0.091871 0.011971
4 0.227561 0.869175 0.090057 0.013681
4 0.615443 0.927747 0.035963 0.020522
4 0.559686 0.928816 0.019341 0.016674
4 0.443336 0.924754 0.035056 0.014536
